0.71133728166753907
0.71133728166753907
0.71133728166753907
0.71133728166753907
0.71133728166753907
0.71133728166753907
0.71133728166753907
0.71133728166753907
0.71133728166753907
0.71133728166753907
0.71133728166753907
0.71133728166753907
0.71133728166753907
0.71133728166753907
0.71133728166753907
0.71133728166753907
0.71133728166753907
0.71133728166753907
0.71133728166753907
0.71133728166753907
0.71133728166753907
0.71133728166753907
0.71133728166753907
0.71133728166753907
0.71133728166753907
0.71133728166753907
0.71133728166753907
0.71133728166753907
0.71133728166753907
0.71133728166753907
0.71133728166753907
0.71133728166753907
0.71133728166753907
0.71133728166753907
0.71133728166753907
0.71133728166753907
0.71133728166753907
0.71133728166753907
0.71133728166753907
0.71133728166753907
