4.7822822681808511e-07
2.4950182448389682e-08
0.0057949262564562188
0.030014417478824645
4.7996125322460465e-08
2.1463317355430512e-07
0.87357932592819609
5.4807212878900209e-07
9.3784812738639026e-09
0.00073960611706725256
0.10958513320470706
6.2793010673126887e-08
7.7308124931591128e-08
0.58104799625672643
1.4162478106888162e-06
2.9143403371051817e-09
5.3558547290131872e-05
0.29214707940028867
5.7514980851954972e-08
5.7514980851598008e-08
0.29214707941317231
5.3558547281544361e-05
2.9143403369500804e-09
1.4162478109952528e-06
0.58104799623989234
7.7308124928172807e-08
6.2793010673327714e-08
0.10958513321130826
0.00073960611697681232
9.378481273304755e-09
5.4807212877647489e-07
0.87357932591573173
2.1463317354292197e-07
4.7996125323677837e-08
0.030014417481155201
0.0057949262558920937
2.4950182447301493e-08
4.7822822683214564e-07
1.0000000000001439
4.782282268039405e-07
