0.086606392793990378
0.086606392793990378
0.086606392793990378
0.086606392793990378
0.086606392793990378
0.086606392793990378
0.086606392793990378
0.086606392793990378
0.086606392793990378
0.086606392793990378
0.086606392793990378
0.086606392793990378
0.086606392793990378
0.086606392793990378
0.086606392793990378
0.086606392793990378
0.086606392793990378
0.086606392793990378
0.086606392793990378
0.086606392793990378
0.086606392793990378
0.086606392793990378
0.086606392793990378
0.086606392793990378
0.086606392793990378
0.086606392793990378
0.086606392793990378
0.086606392793990378
0.086606392793990378
0.086606392793990378
0.086606392793990378
0.086606392793990378
0.086606392793990378
0.086606392793990378
0.086606392793990378
0.086606392793990378
0.086606392793990378
0.086606392793990378
0.086606392793990378
0.086606392793990378
