4.0458168671501024e-08
0.29214378963064386
1.5102678659425575e-08
0.0065790246379768607
1.3686225317193979e-07
5.4531091369430971e-06
5.4531091321311004e-06
1.3686225319438796e-07
0.0065790246349845443
1.5102678660574644e-08
0.29214378956704268
4.0458168668628861e-08
1.000000000000044
4.0458168674366252e-08
0.2921437896942603
1.5102678658270851e-08
0.0065790246409710403
1.36862253149522e-07
5.4531091417548804e-06
5.4531091273203158e-06
1.3686225321686494e-07
0.0065790246319912616
1.5102678661720587e-08
0.2921437895034249
4.0458168665762627e-08
1.0000000000000417
4.0458168677232691e-08
0.29214378975785249
1.5102678657114866e-08
0.0065790246439652641
1.3686225312710774e-07
5.4531091465675759e-06
5.4531091225090848e-06
1.3686225323933762e-07
0.0065790246289972468
1.510267866287065e-08
0.29214378943983033
4.0458168662896115e-08
1.0000000000000391
4.0458168680097316e-08
