0.38422325100462107
0.38422325100462107
0.38422325100462107
0.38422325100462107
0.38422325100462107
0.38422325100462107
0.38422325100462107
0.38422325100462107
0.38422325100462107
0.38422325100462107
0.38422325100462107
0.38422325100462107
0.38422325100462107
0.38422325100462107
0.38422325100462107
0.38422325100462107
0.38422325100462107
0.38422325100462107
0.38422325100462107
0.38422325100462107
0.38422325100462107
0.38422325100462107
0.38422325100462107
0.38422325100462107
0.38422325100462107
0.38422325100462107
0.38422325100462107
0.38422325100462107
0.38422325100462107
0.38422325100462107
0.38422325100462107
0.38422325100462107
0.38422325100462107
0.38422325100462107
0.38422325100462107
0.38422325100462107
0.38422325100462107
0.38422325100462107
0.38422325100462107
0.38422325100462107
