0.242899703239945
0.242899703239945
0.242899703239945
0.242899703239945
0.242899703239945
0.242899703239945
0.242899703239945
0.242899703239945
0.242899703239945
0.242899703239945
0.242899703239945
0.242899703239945
0.242899703239945
0.242899703239945
0.242899703239945
0.242899703239945
0.242899703239945
0.242899703239945
0.242899703239945
0.242899703239945
0.242899703239945
0.242899703239945
0.242899703239945
0.242899703239945
0.242899703239945
0.242899703239945
0.242899703239945
0.242899703239945
0.242899703239945
0.242899703239945
0.242899703239945
0.242899703239945
0.242899703239945
0.242899703239945
0.242899703239945
0.242899703239945
0.242899703239945
0.242899703239945
0.242899703239945
0.242899703239945
