0.00011709646130500178
1.9573875606281239e-08
3.2040461341302006e-08
0.0010412314352843998
0.8763097646493091
1.1849327587318687e-05
1.2264399941040578e-08
6.6894935958521826e-08
0.0069053069848122725
0.58844182177494542
1.7404936772411911e-06
5.2601937492113918e-09
1.3490935037203175e-07
0.033104802403971623
0.30084159848445513
5.046139097881548e-07
1.7431702940818753e-09
2.4180733246451893e-07
0.11584363210152968
0.11584363209100333
2.4180733245269133e-07
1.7431702942040962e-09
5.0461390982723065e-07
0.30084159850458819
0.033104802400123028
1.3490935036516149e-07
5.2601937496766544e-09
1.740493677467431e-06
0.58844182180083637
0.0069053069838262218
6.6894935954346867e-08
1.2264399941658248e-08
1.1849327589471474e-05
0.87630976466845645
0.001041231435108153
3.2040461339665399e-08
1.9573875606933948e-08
0.00011709646132716785
1.0000000000001097
0.00011709646128280575
