1.9917975289994113e-07
0.029082635355355387
8.9919210078696409e-08
3.5184827475480975e-07
0.00088518328045432317
3.6029440983901796e-07
0.57245455043239069
7.6228382234929666e-08
0.28372200512038609
3.3567139846368439e-07
9.5687145588380524e-05
7.2746556504373534e-06
2.186122085220176e-07
0.1053274336588732
1.1936200746457545e-07
0.87010924391498845
2.9516233265935447e-07
0.0059283300820831449
2.56556043010414e-08
2.5655604313191777e-08
0.0059283301021735898
2.9516233248287976e-07
0.87010924438567971
1.193620075875564e-07
0.10532743342610418
2.1861220825058677e-07
7.2746556112358758e-06
9.5687146033216763e-05
3.3567139861653737e-07
0.28372200558632693
7.6228382192232892e-08
0.57245454981012434
3.6029440989369251e-07
0.00088518327691108824
3.518482770312252e-07
8.9919210282373475e-08
0.029082635436559909
1.9917975271883998e-07
1.0000000000000027
1.9917975308089831e-07
