1.0478955948895975e-10
1.0478955948895975e-10
1.0478955948895975e-10
1.0478955948895975e-10
1.0478955948895975e-10
1.0478955948895975e-10
1.0478955948895975e-10
1.0478955948895975e-10
1.0478955948895975e-10
1.0478955948895975e-10
1.0478955948895975e-10
1.0478955948895975e-10
1.0478955948895975e-10
1.0478955948895975e-10
1.0478955948895975e-10
1.0478955948895975e-10
1.0478955948895975e-10
1.0478955948895975e-10
1.0478955948895975e-10
1.0478955948895975e-10
1.0478955948895975e-10
1.0478955948895975e-10
1.0478955948895975e-10
1.0478955948895975e-10
1.0478955948895975e-10
1.0478955948895975e-10
1.0478955948895975e-10
1.0478955948895975e-10
1.0478955948895975e-10
1.0478955948895975e-10
1.0478955948895975e-10
1.0478955948895975e-10
1.0478955948895975e-10
1.0478955948895975e-10
1.0478955948895975e-10
1.0478955948895975e-10
1.0478955948895975e-10
1.0478955948895975e-10
1.0478955948895975e-10
1.0478955948895975e-10
