4.3214781546935925e-07
6.2222009958681478e-10
1.2338716369514926e-06
0.86489754555488785
6.1724792433182895e-07
4.2209873302449793e-09
1.3348959181229728e-06
0.55734969966764791
4.7351592658957766e-05
1.4551497111428397e-08
7.3614968445942247e-07
0.26418809847995151
0.00095126802854587076
1.9350161578721463e-08
2.0651570232656431e-07
0.08984975151725598
0.008591041287270864
7.3686967644379758e-09
1.8599328381699693e-08
0.020968425147788287
0.0456770059361589
7.4972852135854911e-08
1.3404629121945655e-08
0.0030894728787894663
0.16094858365614614
4.3074937678024559e-07
1.9274819139446214e-08
0.00024128683765446037
0.39922685141542352
1.0695501449353877e-06
8.7158724734132678e-09
6.5081545238518188e-06
0.72072523499692465
1.4154492897277466e-06
1.6876020658545876e-09
2.1444518138082705e-07
0.96442291943952907
8.3934790320407255e-07
3.5902658858540701e-10
8.3934790351221943e-07
