2.5674773829867509e-09
0.86980012558847686
5.5608581130940271e-09
0.57157832377068962
1.4070438287549676e-08
0.28261321683609597
2.7541122459270592e-08
0.10444807719026369
4.2661016582677729e-08
0.028594701647177853
8.8000580777323744e-08
0.0057269640550305281
2.1520539054628952e-07
0.00081981361180713541
3.8147641123261791e-07
7.8111702932978492e-05
3.9682778452063038e-07
3.497738174871567e-06
4.9485391542270743e-08
4.9485391951950629e-08
3.4977381928170158e-06
3.9682778472704257e-07
7.8111703202038345e-05
3.8147641105677805e-07
0.00081981361410336459
2.1520539032655369e-07
0.0057269640683797023
8.8000580670485136e-08
0.028594701701744624
4.2661016555150237e-08
0.1044480773475535
2.7541122441086681e-08
0.28261321715187981
1.4070438272011352e-08
0.57157832419306975
5.5608581061450946e-09
0.86980012590831501
2.567477381381439e-09
0.99999999999993072
2.5674773845923387e-09
