0.00823258136627209
1.9281992180532452e-07
1.3566832584911364e-07
2.0652428232245244e-07
2.9348224113835719e-05
0.30377347124546211
0.30377347125026005
2.9348224114992943e-05
2.0652428231989874e-07
1.3566832584634014e-07
1.9281992180076696e-07
0.0082325813660129935
0.99999999999996625
0.0082325813665316064
1.9281992180978722e-07
1.3566832585189564e-07
2.0652428232499629e-07
2.9348224112672059e-05
0.30377347124069826
0.30377347125500848
2.9348224116153124e-05
2.0652428231729337e-07
1.3566832584352854e-07
1.9281992179611672e-07
0.008232581365753007
0.9999999999999738
0.0082325813667905364
1.9281992181426117e-07
1.3566832585460305e-07
2.0652428232744946e-07
2.934822411150107e-05
0.30377347123591442
0.30377347125978438
2.9348224117314443e-05
2.0652428231466704e-07
1.3566832584078016e-07
1.9281992179150963e-07
0.0082325813654935409
0.99999999999998224
0.0082325813670496937
