0.85392933370550206
0.85392933370550206
0.85392933370550206
0.85392933370550206
0.85392933370550206
0.85392933370550206
0.85392933370550206
0.85392933370550206
0.85392933370550206
0.85392933370550206
0.85392933370550206
0.85392933370550206
0.85392933370550206
0.85392933370550206
0.85392933370550206
0.85392933370550206
0.85392933370550206
0.85392933370550206
0.85392933370550206
0.85392933370550206
0.85392933370550206
0.85392933370550206
0.85392933370550206
0.85392933370550206
0.85392933370550206
0.85392933370550206
0.85392933370550206
0.85392933370550206
0.85392933370550206
0.85392933370550206
0.85392933370550206
0.85392933370550206
0.85392933370550206
0.85392933370550206
0.85392933370550206
0.85392933370550206
0.85392933370550206
0.85392933370550206
0.85392933370550206
0.85392933370550206
