0.033876873197380863
0.033876873197380863
0.033876873197380863
0.033876873197380863
0.033876873197380863
0.033876873197380863
0.033876873197380863
0.033876873197380863
0.033876873197380863
0.033876873197380863
0.033876873197380863
0.033876873197380863
0.033876873197380863
0.033876873197380863
0.033876873197380863
0.033876873197380863
0.033876873197380863
0.033876873197380863
0.033876873197380863
0.033876873197380863
0.033876873197380863
0.033876873197380863
0.033876873197380863
0.033876873197380863
0.033876873197380863
0.033876873197380863
0.033876873197380863
0.033876873197380863
0.033876873197380863
0.033876873197380863
0.033876873197380863
0.033876873197380863
0.033876873197380863
0.033876873197380863
0.033876873197380863
0.033876873197380863
0.033876873197380863
0.033876873197380863
0.033876873197380863
0.033876873197380863
