1.5896254475543134e-07
9.9807897952208707e-09
0.00035434931827344645
0.28989817557994724
1.5852161115143684e-08
1.2766786658327896e-08
0.060230433279090702
0.0064499657137837407
2.4158387288684207e-10
8.0098045625651812e-09
0.73502273017363173
1.027641587229376e-05
1.778188479608093e-08
1.0276415874733718e-05
0.73502273014592112
8.0098045623269168e-09
2.4158387294318118e-10
0.0064499657148046714
0.060230433272028372
1.2766786657335611e-08
1.5852161114525069e-08
0.2898981756022343
0.0003543493182030614
9.9807897960785743e-09
1.5896254479839653e-07
1.0000000000000542
1.5896254471245649e-07
9.9807897943705654e-09
0.0003543493183439583
0.28989817555766217
1.5852161115751781e-08
1.2766786659310422e-08
0.060230433286141076
0.0064499657127618229
2.415838728298943e-10
8.0098045627878185e-09
0.73502273020165665
1.027641586985162e-05
1.7781884796082135e-08
1.0276415877174757e-05
