3.6660419462939226e-07
0.10373614895007036
1.6183682757573625e-06
0.00016800008031217186
1.6213897412070757e-05
3.2529708566026845e-06
0.013777364626392051
4.2224371703940962e-07
0.72838082144850269
3.7162985333372124e-07
0.41391167574214999
6.6875014493431021e-07
0.0026143618469047572
4.9741071064823451e-06
6.5809498612690984e-06
0.0010620496962206842
9.0075075528821143e-07
0.28034784051612988
3.7260893743730025e-07
0.868694837111609
3.7843946103463634e-07
0.0289057454507947
2.6393837185945842e-06
3.1589559594299445e-05
6.9805303264252347e-05
2.0956974822723576e-06
0.056704097825092566
3.6516305682009967e-07
0.96543531838675611
3.709731124875041e-07
0.17675221194873128
1.2173611913445234e-06
0.00042148475156130111
9.6424131119042771e-06
3.9830894653083973e-06
0.0061683729484580847
5.1364185904680138e-07
0.56896292887943656
3.7080092861498286e-07
0.56896293006568632
