6.1445291815646196e-08
4.5111873869173823e-06
0.0070800725907429109
1.5541564383087192e-09
0.30485783478141848
2.4891849189478677e-07
2.4891849183101631e-07
0.3048578345962224
1.5541564368863429e-09
0.0070800726001320367
4.5111873752640106e-06
6.1445291871222596e-08
0.99999999999998357
6.1445291760042494e-08
4.5111873985701958e-06
0.0070800725813523879
1.5541564397294923e-09
0.30485783496663466
2.4891849195852034e-07
2.4891849176726294e-07
0.30485783441100611
1.5541564354656058e-09
0.0070800726095233187
4.5111873636101374e-06
6.1445291926818675e-08
1.0000000000000102
6.1445291704445991e-08
4.5111874102231754e-06
0.0070800725719610547
1.5541564411512175e-09
0.30485783515187204
2.4891849202230213e-07
2.4891849170340788e-07
0.30485783422582852
1.5541564340444946e-09
0.0070800726189141246
4.5111873519571926e-06
6.1445291982412942e-08
1.0000000000000382
6.1445291648861584e-08
