4.5946323985320897e-08
0.0002192723648056439
0.0006743192897273807
4.400029373574796e-08
0.96984539910819922
4.3285058008565236e-08
6.1958815255880157e-05
0.0018523545570157632
3.9391503405327576e-08
0.88466882455238349
3.5305451021427166e-08
1.449711744995613e-05
0.0046211505231106868
3.3795987195861579e-08
0.75883246216734346
2.4243184406934285e-08
2.5954826470412016e-06
0.010580075077028692
2.8113948657616805e-08
0.6118533769616834
1.5827891928711166e-08
3.7904180687442988e-07
0.022384301603769478
2.2779761488841196e-08
0.46351919862536484
1.7905113708436506e-08
1.6955072833666193e-07
0.043972173487756415
1.823927793789044e-08
0.3296970211896752
3.7736257157112085e-08
1.7134533487159264e-07
0.080474781098561654
1.5111962192322147e-08
0.21999360203179469
7.8497904905409176e-08
1.3262580967779585e-07
0.13755187296286797
1.3987918263715161e-08
0.13755187329996224
