0.022450056116208917
2.5319791455890624e-06
4.1540316910632729e-07
3.6616265428796509e-07
1.7250652511318297e-06
0.010888338052563878
0.96932275563409476
0.043486608644826674
4.2634682522364361e-06
4.5583476017514135e-07
3.0343279734461667e-07
1.2919955792922948e-06
0.0049691394767650016
0.88279667557011909
0.079074423631237317
8.4643065466064792e-06
4.9456637241805765e-07
2.2976414815200356e-07
1.0296988111506756e-06
0.0021402242869032759
0.75533333157572036
0.13493624717252328
1.9488294143198256e-05
5.3746585216092138e-07
1.5692030819779525e-07
8.5751132962095219e-07
0.00087450965223776606
0.60707292083961584
0.21608485042150219
4.9370810355462519e-05
5.8879081756783386e-07
1.0248611394305761e-07
7.3873147427297219e-07
0.00034207611783887697
0.4582329770274301
0.32477342960541605
0.00013009289725667052
6.5330838325848553e-07
8.2235857561041213e-08
6.5330838326631942e-07
