0.9624045378143844
0.9624045378143844
0.9624045378143844
0.9624045378143844
0.9624045378143844
0.9624045378143844
0.9624045378143844
0.9624045378143844
0.9624045378143844
0.9624045378143844
0.9624045378143844
0.9624045378143844
0.9624045378143844
0.9624045378143844
0.9624045378143844
0.9624045378143844
0.9624045378143844
0.9624045378143844
0.9624045378143844
0.9624045378143844
0.9624045378143844
0.9624045378143844
0.9624045378143844
0.9624045378143844
0.9624045378143844
0.9624045378143844
0.9624045378143844
0.9624045378143844
0.9624045378143844
0.9624045378143844
0.9624045378143844
0.9624045378143844
0.9624045378143844
0.9624045378143844
0.9624045378143844
0.9624045378143844
0.9624045378143844
0.9624045378143844
0.9624045378143844
0.9624045378143844
