1.3021185255232234e-05
1.3682092513546847e-08
2.9265975079926772e-07
0.31051861104056694
0.0085873568991410056
9.9992732346996571e-08
9.99927323463366e-08
0.0085873568987294129
0.3105186110477724
2.9265975080350696e-07
1.3682092513545492e-08
1.3021185254119522e-05
1.000000000000127
1.30211852563419e-05
1.3682092513551428e-08
2.926597507951287e-07
0.31051861103339679
0.0085873568995533407
9.9992732347692501e-08
9.9992732345684715e-08
0.0085873568983176937
0.31051861105494605
2.9265975080775282e-07
1.3682092513535753e-08
1.302118525300925e-05
1.0000000000001492
1.3021185257456278e-05
1.3682092513567093e-08
2.9265975079094742e-07
0.31051861102620282
0.0085873568999666888
9.9992732348380212e-08
9.9992732345022177e-08
0.0085873568979054557
0.31051861106214457
2.9265975081199418e-07
1.3682092513525661e-08
1.3021185251893154e-05
1.000000000000167
1.3021185258566913e-05
