1.0000000000006879
1.0000000000006879
1.0000000000006879
1.0000000000006879
1.0000000000006879
1.0000000000006879
1.0000000000006879
1.0000000000006879
1.0000000000006879
1.0000000000006879
1.0000000000006879
1.0000000000006879
1.0000000000006879
1.0000000000006879
1.0000000000006879
1.0000000000006879
1.0000000000006879
1.0000000000006879
1.0000000000006879
1.0000000000006879
1.0000000000006879
1.0000000000006879
1.0000000000006879
1.0000000000006879
1.0000000000006879
1.0000000000006879
1.0000000000006879
1.0000000000006879
1.0000000000006879
1.0000000000006879
1.0000000000006879
1.0000000000006879
1.0000000000006879
1.0000000000006879
1.0000000000006879
1.0000000000006879
1.0000000000006879
1.0000000000006879
1.0000000000006879
1.0000000000006879
