1.162136310030668e-07
6.4441339357992294e-08
0.74210807956365232
2.6688462678641124e-07
4.8748623913641472e-08
0.30131181320612971
3.7010280677769211e-06
5.2888828883694528e-08
0.065574949085500767
0.00013487454040742004
3.9747659026137412e-08
0.0073797812289622565
0.0030531388205682149
3.3842408484376331e-08
0.00041188121912962624
0.034141732865204499
5.1308124722709096e-08
1.2274138088664855e-05
0.19452636999719303
4.9713269927543084e-08
5.0551093984120456e-07
0.58802237216684095
5.5350913578492228e-08
1.4083248693563335e-07
0.96745449710214682
9.5598671080444525e-08
7.7986287971626891e-08
0.87596679933328236
1.7962069175794507e-07
5.0331898082237738e-08
0.43553077086929914
1.2384022287524064e-06
5.1759320787037124e-08
0.11706117700375857
4.1438597357853529e-05
4.6483993773313131e-08
0.016493532366423796
0.0011666367469531024
3.1495276628949611e-08
0.0011666367369460946
