2.6258839864179298e-07
0.005630052127447909
2.506882862041724e-06
7.693899391555896e-07
0.054720616375275401
9.1190435915218148e-08
0.72671813554317666
4.9983705531971875e-07
0.00034233677327968946
2.0265158405464757e-05
5.9755264106506817e-07
0.27714695601597861
3.9094139300997142e-08
0.277146955874635
5.9755264107378435e-07
2.0265158385036098e-05
0.00034233677367767699
4.9983705524128222e-07
0.72671813572659549
9.1190435958037251e-08
0.05472061633303367
7.6938993936161449e-07
2.5068828604271314e-06
0.0056300521331817746
2.6258839855115146e-07
1.0000000000000435
2.6258839873266882e-07
0.0056300521217152741
2.5068828636573051e-06
7.6938993894981078e-07
0.054720616417500999
9.1190435872419876e-08
0.72671813535957197
4.9983705539831663e-07
0.00034233677288166958
2.0265158425894914e-05
5.975526410565017e-07
0.27714695615732027
3.9094139301001106e-08
0.27714695573331699
