4.5325747781857489e-07
7.808999073825512e-08
0.064653206352629666
0.0013228115025339566
1.1535963724371184e-07
2.5753711417542337e-05
0.43196550929999605
9.6269243516429339e-08
1.1493326309831162e-07
0.58481051151905883
9.7205738909802175e-06
1.0874248997096674e-07
0.0032554654283609842
0.033833293121597219
8.3629537749098207e-08
8.2541725504210123e-07
0.96710724509062373
2.7986163223533393e-07
7.5876599724241982e-08
0.11531070646416254
0.00051229654230224562
1.1949023270172179e-07
7.0149261339987108e-05
0.29798513048558856
8.4308343549827075e-08
1.4389118079139831e-07
0.73976755514899994
3.8857318316108453e-06
1.0037038135737335e-07
0.0075706302615250421
0.016541008024203493
9.1500987531062671e-08
1.6948856694056797e-06
0.87471952808559517
1.9211153224734947e-07
7.773646805239659e-08
0.19189035819753475
0.00019141722454082638
1.2087954848320414e-07
0.00019141722451597652
