0.51187717765098861
0.51187717765098861
0.51187717765098861
0.51187717765098861
0.51187717765098861
0.51187717765098861
0.51187717765098861
0.51187717765098861
0.51187717765098861
0.51187717765098861
0.51187717765098861
0.51187717765098861
0.51187717765098861
0.51187717765098861
0.51187717765098861
0.51187717765098861
0.51187717765098861
0.51187717765098861
0.51187717765098861
0.51187717765098861
0.51187717765098861
0.51187717765098861
0.51187717765098861
0.51187717765098861
0.51187717765098861
0.51187717765098861
0.51187717765098861
0.51187717765098861
0.51187717765098861
0.51187717765098861
0.51187717765098861
0.51187717765098861
0.51187717765098861
0.51187717765098861
0.51187717765098861
0.51187717765098861
0.51187717765098861
0.51187717765098861
0.51187717765098861
0.51187717765098861
