1.7087661240529334e-08
3.5475723789194679e-06
0.063931707463675616
2.2666850641605879e-09
0.016252641608754941
2.5385250671971677e-05
1.3887458431099448e-08
0.87428780713598864
1.3033271959062938e-08
4.7733486807041377e-07
0.19065646601165478
4.7384851675045926e-09
0.0031771581922906108
0.00018699480430679194
8.6233694600093586e-09
0.58363935882335183
1.4628742467865812e-08
4.6768832532068569e-08
0.43059760611539483
6.8850511847484818e-09
0.00049887683036645516
0.0012881764364776067
5.7610961013266615e-09
0.29660477481976744
1.5836411212206839e-07
1.015996729077692e-08
0.73894135010290818
1.1104195451685857e-08
6.8927854743520712e-05
0.0074125155167790047
3.4827204291101615e-09
0.11431952386752657
1.3255843801960019e-06
1.601659923784912e-08
0.96698830088555843
1.6168761856024689e-08
9.442887631632889e-06
0.033355362259917282
1.7461873018867912e-09
0.033355362121497943
