0.00041919184737387004
5.1190545140653123e-09
3.5270627650124981e-09
1.268080054735395e-05
0.74591197675608323
0.0076101738202658089
5.5767736103908541e-09
5.2104182435646326e-09
4.0667723381164439e-07
0.30672448450939033
0.067582222502574077
1.6038989686140431e-08
4.686324447182707e-09
1.6038989690171937e-08
0.067582222511874998
0.30672448448203371
4.0667723371489439e-07
5.2104182435849233e-09
5.5767736101543342e-09
0.0076101738217085246
0.74591197672335119
1.2680800543914681e-05
3.5270627651111601e-09
5.1190545143244705e-09
0.00041919184747565743
1.0000000000000475
0.00041919184727196344
5.1190545138061401e-09
3.5270627649082142e-09
1.2680800550793027e-05
0.74591197678885046
0.0076101738188213228
5.576773610639182e-09
5.210418243541316e-09
4.0667723390828154e-07
0.30672448453678497
0.067582222493293334
1.6038989682112997e-08
4.6863244471816159e-09
1.6038989694204029e-08
