0.16168979567446207
0.16168979567446207
0.16168979567446207
0.16168979567446207
0.16168979567446207
0.16168979567446207
0.16168979567446207
0.16168979567446207
0.16168979567446207
0.16168979567446207
0.16168979567446207
0.16168979567446207
0.16168979567446207
0.16168979567446207
0.16168979567446207
0.16168979567446207
0.16168979567446207
0.16168979567446207
0.16168979567446207
0.16168979567446207
0.16168979567446207
0.16168979567446207
0.16168979567446207
0.16168979567446207
0.16168979567446207
0.16168979567446207
0.16168979567446207
0.16168979567446207
0.16168979567446207
0.16168979567446207
0.16168979567446207
0.16168979567446207
0.16168979567446207
0.16168979567446207
0.16168979567446207
0.16168979567446207
0.16168979567446207
0.16168979567446207
0.16168979567446207
0.16168979567446207
