1.137487494486344e-07
1.1607455134197798e-08
1.5655047437513502e-06
0.87004937299902907
6.6825091800409657e-09
2.4107724286991059e-08
3.9128457106722477e-05
0.57145328626295933
2.1978545673131443e-08
5.3357360026692332e-08
0.00056420014066951255
0.28093172363648178
6.518213895551454e-08
8.6382433759713401e-08
0.0047939663751808198
0.10180134325878093
8.4269184129344053e-08
9.5121122864787606e-08
0.026540965059986845
0.026540965050938881
9.5121122866034028e-08
8.4269184126492371e-08
0.10180134328561123
0.0047939663731242834
8.638243375429149e-08
6.5182138948529456e-08
0.28093172369067321
0.00056420014036789835
5.3357360018687223e-08
2.197854566301828e-08
0.57145328633515446
3.9128457080634615e-05
2.410772428235366e-08
6.6825091866664971e-09
0.87004937305344776
1.5655047425999697e-06
1.1607455132981531e-08
1.1374874950070059e-07
0.99999999999996625
1.1374874939641536e-07
