1.0114237233995239e-07
0.0010258224609252541
9.5630924262443023e-06
1.3802765652461244e-07
0.5877496627297828
2.7121517612959109e-08
0.032996747335494306
1.9070687683486748e-07
1.0934476449060361e-07
0.1155169393798086
1.143171970090851e-08
0.30019666690456559
1.2023163052206092e-07
9.3839653483322971e-07
0.0068698169009786467
5.9686763859123295e-08
0.87601914448198703
1.3259792925245723e-07
0.00011072246288566247
0.00011072246284232518
1.3259792925574499e-07
0.8760191444436074
5.9686763852576617e-08
0.0068698169029452758
9.3839653451461626e-07
1.2023163051841992e-07
0.30019666686434732
1.1431719699679791e-08
0.11551693940080653
1.0934476448862564e-07
1.9070687686876605e-07
0.032996747327817058
2.7121517616986159e-08
0.58774966278160934
1.3802765652604348e-07
9.5630924301496883e-06
0.0010258224605745397
1.0114237234655397e-07
0.99999999999994893
1.011423723333377e-07
