5.743779041217621e-07
5.7437790409375422e-07
1.0000000000000795
5.7437790414970572e-07
5.7437790406579864e-07
1.000000000000079
5.7437790417768544e-07
5.7437790403778694e-07
1.000000000000079
5.7437790420567268e-07
5.7437790400981251e-07
1.0000000000000786
5.7437790423364584e-07
5.7437790398184179e-07
1.0000000000000782
5.7437790426163234e-07
5.7437790395385963e-07
1.0000000000000782
5.7437790428955901e-07
5.7437790392588319e-07
1.0000000000000782
5.7437790431761274e-07
5.743779038979184e-07
1.0000000000000777
5.7437790434555657e-07
5.7437790386991761e-07
1.0000000000000777
5.7437790437354021e-07
5.7437790384196478e-07
1.0000000000000777
5.7437790440147928e-07
5.7437790381398464e-07
1.0000000000000773
5.7437790442950336e-07
5.7437790378600936e-07
1.0000000000000773
5.7437790445741828e-07
5.7437790375800476e-07
1.0000000000000773
5.7437790448543602e-07
