1.1532250614969222e-08
1.0000000000001394
1.1532250614970072e-08
1.0000000000001399
1.1532250614970456e-08
1.0000000000001399
1.1532250614970572e-08
1.0000000000001394
1.1532250614970357e-08
1.0000000000001399
1.1532250614971388e-08
1.0000000000001408
1.1532250614970782e-08
1.0000000000001408
1.1532250614970875e-08
1.0000000000001408
1.1532250614971771e-08
1.0000000000001403
1.1532250614972124e-08
1.0000000000001408
1.1532250614971902e-08
1.0000000000001408
1.1532250614972552e-08
1.0000000000001403
1.1532250614973005e-08
1.0000000000001408
1.1532250614973507e-08
1.0000000000001408
1.1532250614973838e-08
1.0000000000001408
1.1532250614974423e-08
1.0000000000001412
1.1532250614975022e-08
1.0000000000001408
1.1532250614975252e-08
1.0000000000001408
1.1532250614975052e-08
1.0000000000001408
1.1532250614974491e-08
1.0000000000001408
