0.0012181933906905903
5.4947478573877208e-07
5.039015622531303e-07
1.0124069797465429e-07
0.1185726742452843
0.30384934172558753
1.1815676485782556e-06
8.3069969651318645e-07
8.2763757984489236e-07
0.00014734905850478914
0.87694915952192642
0.0075644692370561801
2.9578058345490086e-07
2.9033733263752221e-07
1.1246314339143203e-07
0.034741421271462361
0.59048671141772757
1.4190314791803994e-05
9.8099176382067507e-07
9.8099176382386267e-07
1.4190314783882054e-05
0.590486711345801
0.03474142128245726
1.1246314336201689e-07
2.9033733266233736e-07
2.9578058350692139e-07
0.007564469234136546
0.8769491595750698
0.00014734905858082838
8.276375797863248e-07
8.3069969644647615e-07
1.1815676478842136e-06
0.30384934166950467
0.11857267427486617
1.0124069801787023e-07
5.0390156232380493e-07
5.4947478580265626e-07
0.0012181933901367597
1.0000000000000728
0.0012181933912448365
