0.0020487432418400953
1.5710469083379588e-07
1.110991274905636e-11
1.5710469083444952e-07
0.0020487432417667559
0.9999999999999305
0.002048743241931307
1.571046908331822e-07
1.1109912749081481e-11
1.5710469083511222e-07
0.0020487432416707117
0.99999999999992739
0.0020487432420271835
1.5710469083261548e-07
1.1109912749082481e-11
1.5710469083577359e-07
0.0020487432415754515
0.99999999999992317
0.0020487432421224723
1.5710469083200882e-07
1.1109912749067563e-11
1.5710469083643846e-07
0.0020487432414809516
0.99999999999991962
0.0020487432422169995
1.5710469083143051e-07
1.1109912749112677e-11
1.5710469083712959e-07
0.0020487432413864985
0.9999999999999154
0.0020487432423113273
1.5710469083082732e-07
1.1109912749073602e-11
1.5710469083778305e-07
0.0020487432412922037
0.99999999999991207
0.0020487432424057721
1.5710469083022354e-07
1.1109912749064157e-11
1.5710469083847033e-07
