2.0075491233090219e-09
0.57566301578288914
2.8395600035775839e-08
0.10876366991463175
1.6841905999465615e-07
0.0067531931129803865
3.3292061112516123e-07
0.00015176088742874038
9.0575305536095815e-07
2.0227558481579156e-06
5.149851184982726e-05
3.5993100314952382e-07
0.0028562750237127576
2.1905497526697336e-07
0.060177775124389189
4.97573612626725e-08
0.42158603995974037
4.1348895666564387e-09
0.9661359507416023
7.7394024859669356e-10
0.73317487744038567
1.5219560946658453e-08
0.18327811355819218
1.2085060738078631e-07
0.014973677031457636
3.0481335722409113e-07
0.00042658492639647492
5.4022158255891159e-07
5.5931731844036927e-06
1.6921386601640813e-05
4.1045430908698212e-07
0.0011362569255585536
2.6650413906455862e-07
0.031061525956320127
8.0625964260038663e-08
0.28789468809355012
7.9455626229731664e-09
0.8712239192534672
3.4323744977070337e-10
0.87122391912705743
