9.3893251536091271e-08
4.2663800377307504e-08
0.29447075320397287
1.1484531117422929e-08
0.00010632971441111618
0.0067340492318966327
3.1559066454126543e-09
0.032065829645285281
7.0383836912020924e-06
2.6783507505242198e-08
0.58201501676430611
9.501670431028701e-08
1.1304589552051487e-07
0.8737142036293517
5.645444703652877e-08
2.1412653160323451e-07
0.11241985084562556
5.238954714419689e-09
0.0010176285666571368
0.0010176285676253987
5.2389547127574952e-09
0.1124198507883299
2.1412653201031466e-07
5.6454447019712962e-08
0.87371420352060591
1.1304589552115492e-07
9.5016704327241936e-08
0.58201501690982937
2.6783507515379852e-08
7.0383836814532429e-06
0.032065829666032719
3.1559066458232391e-09
0.0067340492265591618
0.0001063297145318393
1.1484531112948604e-08
0.29447075309269383
4.2663800350841576e-08
9.3893251520726239e-08
1.0000000000001599
9.389325155148501e-08
