8.2441833382518205e-07
9.5243779558742801e-07
0.74298647195835588
3.3006669922474059e-07
6.6274555168911423e-08
0.30113764261735931
2.2447370734955475e-07
7.1538728613210718e-07
0.063892242122897361
1.3813132220831826e-07
0.00023117612338112298
0.0064299126600076374
7.6989331965733456e-08
0.006429912664641566
0.0002311761231328112
1.381313222352956e-07
0.063892242154892614
7.1538728443489297e-07
2.2447370736415897e-07
0.30113764271396187
6.6274555288664597e-08
3.3006669929139403e-07
0.74298647207498969
9.5243779575342211e-07
8.2441833398763534e-07
1.0000000000000684
8.2441833366282362e-07
9.524377954215257e-07
0.7429864718415693
3.300666991581035e-07
6.6274555049206754e-08
0.30113764252073327
2.2447370733503864e-07
7.1538728782978165e-07
0.063892242090907631
1.3813132218131149e-07
0.00023117612362937305
0.0064299126553739663
7.6989331965733906e-08
0.0064299126692745311
