3.5064599767917136e-05
4.4576444884088327e-08
2.0835699345194138e-07
0.031478169411266473
0.18652227372973587
4.604241816826873e-08
2.4114272213644558e-09
7.6072127455772086e-07
0.73632348195773556
0.0010249424569958982
1.7333266476642149e-07
2.1460399045809815e-07
0.0027092220564727768
0.57990450930005866
1.9540846711953718e-07
4.1008277581819211e-10
1.4173765887395308e-08
0.29208787517560736
0.014999852332626858
2.3636628274237989e-07
7.9881804406385355e-08
0.00011620243482035307
0.96661367721457714
9.9994647102192026e-06
2.1206643321750886e-08
1.5963909347837291e-07
0.061296525178963231
0.11087980703497954
1.008370557021773e-07
8.2461539103693684e-09
2.7694510353029175e-06
0.87292522233672498
0.00035861539366917436
1.2501961136172352e-07
2.3807645631102601e-07
0.0066249721781389652
0.42619081723531754
3.7415887102901721e-08
1.212762396287429e-12
3.7415887102059955e-08
