1.5007811869162369e-07
5.1496589899183772e-08
0.2982203663205269
8.9687813921917444e-06
2.5243340056358104e-07
0.0067375234704405195
0.0067375234709020262
2.5243340056093559e-07
8.9687813913237457e-06
0.29822036633011556
5.1496589900019721e-08
1.5007811869112439e-07
0.99999999999996669
1.5007811869208445e-07
5.1496589898348373e-08
0.29822036631093579
8.9687813930564261e-06
2.5243340056622225e-07
0.0067375234699782981
0.0067375234713641314
2.5243340055827903e-07
8.9687813904574105e-06
0.29822036633968146
5.149658990086328e-08
1.5007811869064238e-07
0.99999999999993361
1.5007811869257716e-07
5.1496589897500182e-08
0.29822036630139209
8.9687813939223564e-06
2.5243340056880707e-07
0.0067375234695168798
0.0067375234718252391
2.5243340055565667e-07
8.9687813895904012e-06
0.29822036634927196
5.1496589901696535e-08
1.500781186901597e-07
0.99999999999990252
1.5007811869306219e-07
