0.39201826629258424
0.021883150170659393
0.00013303182275327359
2.0913317394633087e-07
2.0083654689462524e-08
4.5552278813916953e-09
2.0847055021150621e-09
1.9920562224391056e-10
3.6500529777898514e-09
6.6805842203866067e-09
4.1317469844781573e-08
2.1370351272655483e-06
0.0013729004263910427
0.088740354913044939
0.71480698654031227
0.86154333910705017
0.15771366895867778
0.003795325624807569
8.8055664336178679e-06
6.1133477557804844e-08
9.3763708699327373e-09
4.0834879486425231e-09
5.9737710014622037e-10
1.2504392822839246e-09
4.3032135726641515e-09
1.37114597088349e-08
1.0148791331653841e-07
3.5627733362879589e-05
0.0095390802196875981
0.25863529594766815
0.96345524081881773
0.5499421960771177
0.045978725207515711
0.00044971793029095904
5.8317752360152455e-07
2.8928290633484598e-08
5.2107688160040624e-09
2.9463245952003854e-09
6.7728164105740923e-11
2.946324595395799e-09
