0.088647129616918841
3.5683258456864631e-05
1.8521496559918434e-08
1.3294311764847787e-10
6.7944224222912543e-10
9.7688650431512606e-10
1.8285210804512944e-08
0.00045988531150162955
0.25821436683061877
0.86128385685282594
0.02193531270537992
1.5006954456812917e-06
1.0173737887536381e-08
2.4790171390925703e-10
5.1571050715728243e-10
4.0159146326215932e-09
6.1556910935766702e-09
0.0038361609523370472
0.54937599510397772
0.54937599517028424
0.0038361609538211565
6.1556911072644009e-09
4.0159146334996876e-09
5.157105071130719e-10
2.479017139632513e-10
1.0173737885961258e-08
1.5006954445817434e-06
0.021935312698485598
0.86128385680105857
0.25821436687786564
0.00045988531171626689
