0.1281744731371304
0.0001944307630319209
2.8571992901426827e-10
6.1315551784935841e-08
4.584511026135776e-07
4.6684237411838011e-07
1.059113541002317e-07
1.0267077140689496e-10
5.1456231031615039e-05
0.067561879205406697
0.95949086417943508
0.22229901275042124
0.00066211324480482667
8.5937471694956267e-09
3.1832454689643091e-08
4.3074701634219527e-07
4.634122201063524e-07
1.6620994503760391e-07
3.8115605316228283e-10
1.2257440621224794e-05
0.032488487782423539
0.84742511178843061
0.35311190031926787
0.0020345861313177116
7.7900967769722652e-08
1.4388636815165619e-08
3.8113006448309777e-07
4.5690754694143474e-07
2.3838480898672447e-07
1.5029835818943285e-09
2.61785955792663e-06
0.014219760176928961
0.68864452956297884
0.51453030907041764
0.0056513289964821925
4.9362886591165671e-07
5.3385534846020468e-09
3.1378223437652229e-07
4.5393463545305629e-07
3.1378223441020238e-07
