0.53762977528205869
0.081103431471890641
0.0031316516876032804
2.5414732653646282e-05
1.0050822728950261e-08
1.8039962676425162e-08
2.341705223816083e-08
2.0326320018898952e-08
9.3874848171755392e-09
2.5453301834193346e-09
1.6345411458628865e-08
2.3165718199763711e-08
2.0362796615812411e-08
1.4530011811477209e-08
1.0114713154700628e-06
0.00035056123266578187
0.019057375260893607
0.24579728908420592
0.85668396572334382
0.85668396568582938
0.24579728905129281
0.019057375256503004
0.00035056123254686739
1.0114713149437744e-06
1.4530011812661312e-08
2.0362796616206993e-08
2.3165718199432114e-08
1.634541145789419e-08
2.5453301828191882e-09
9.3874848183157597e-09
2.0326320019346036e-08
2.3417052237834474e-08
1.8039962676132111e-08
1.0050822735851831e-08
2.5414732663996856e-05
0.0031316516884879212
0.081103431486549388
0.53762977532940903
1.0000000000000351
0.53762977523453981
