0.2222846282935825
0.0018454539477195029
1.5748809072022989e-07
1.0510338129224974e-09
2.2875702912068567e-08
1.1377535188905013e-08
1.1377535188828655e-08
2.2875702912115359e-08
1.0510338129386568e-09
1.5748809071398551e-07
0.0018454539476789459
0.22228462829137688
1.0000000000000302
0.22228462829580339
0.0018454539477607776
1.5748809072613408e-07
1.0510338128863653e-09
2.2875702911981779e-08
1.1377535188948849e-08
1.1377535188781323e-08
2.2875702912102134e-08
1.0510338129473643e-09
1.5748809070735327e-07
0.0018454539476383078
0.22228462828916887
1.0000000000000449
0.22228462829801773
0.0018454539478012612
1.5748809073212877e-07
1.0510338128501299e-09
2.2875702911895015e-08
1.1377535189003395e-08
1.1377535188720731e-08
2.2875702912125871e-08
1.0510338129556977e-09
1.5748809070079445e-07
0.0018454539475977298
0.22228462828695372
1.0000000000000608
0.22228462830023679
