0.95966297824333491
0.84800432360521405
0.68961251206553242
0.51563751090010168
0.35403517615741775
0.22281725653370826
0.128254131951649
0.067325289319552839
0.032116267182049317
0.013860604081576794
0.0053817237003347543
0.001866586309194819
0.00057300026071387632
0.00015381571060565875
3.5556329619775908e-05
6.9669443139214214e-06
1.1642135984427369e-06
1.9088804451114524e-07
5.0713077188326831e-08
3.1793989873568445e-08
3.3683884620403229e-08
3.9958599916916992e-08
4.3751998875915023e-08
4.1976589762599112e-08
3.4683257122818731e-08
2.4014649412042268e-08
1.3093962475181764e-08
4.8169729454572058e-09
6.6727839950948883e-10
1.6475587657536078e-10
1.442384841521034e-09
2.5885850917276539e-09
2.7110701428482099e-09
2.0107997908678471e-09
1.1208723323849457e-09
4.7741266280156982e-10
1.567515646397404e-10
4.3896024601960215e-11
2.0706395391030576e-11
4.3896024604253703e-11
