0.99999999999995937
0.99999999999995937
0.99999999999995937
0.99999999999995937
0.99999999999995937
0.99999999999995937
0.99999999999995937
0.99999999999995937
0.99999999999995937
0.99999999999995937
0.99999999999995937
0.99999999999995937
0.99999999999995937
0.99999999999995937
0.99999999999995937
0.99999999999995937
0.99999999999995937
0.99999999999995937
0.99999999999995937
0.99999999999995937
0.99999999999995937
0.99999999999995937
0.99999999999995937
0.99999999999995937
0.99999999999995937
0.99999999999995937
0.99999999999995937
0.99999999999995937
0.99999999999995937
0.99999999999995937
0.99999999999995937
0.99999999999995937
0.99999999999995937
0.99999999999995937
0.99999999999995937
0.99999999999995937
0.99999999999995937
0.99999999999995937
0.99999999999995937
0.99999999999995937
