0.72282545153546829
0.27134954763629765
0.051949283833421102
0.0049213820904520662
0.00022168399225438673
4.2283278335558538e-06
1.8898810793776634e-07
3.7123072127973855e-07
2.1707469022392374e-07
4.7494444951384108e-08
1.7667620231678464e-08
1.2806641681101539e-08
8.2665839296395988e-09
1.2806641681814042e-08
1.766762023199325e-08
4.7494444959872556e-08
2.170746902471601e-07
3.7123072128010542e-07
1.8898810791555142e-07
4.2283278355000943e-06
0.00022168399233163949
0.0049213820918023289
0.051949283844071846
0.27134954767220687
0.72282545158175449
1.0000000000001923
0.7228254514890482
0.27134954760026891
0.051949283822862478
0.0049213820890996515
0.00022168399217583642
4.2283278316168878e-06
1.8898810795980187e-07
3.7123072127951065e-07
2.1707469020044166e-07
4.7494444942755318e-08
1.7667620231311335e-08
1.2806641680340405e-08
8.2665839296353057e-09
1.2806641682549512e-08
