0.86723734753842452
0.56521986147771675
0.27622375996072246
0.10085651163730212
0.027373809003110983
0.005476087294971942
0.00078969516812771236
7.525379972876389e-05
2.9086959118046291e-06
1.3745283958841558e-07
6.0424166706142559e-07
5.7531815278395685e-07
6.0542578616306666e-07
7.1781878282170601e-07
6.4305059310096777e-07
3.3572836633696422e-07
5.9050140853594198e-08
1.1488361396658693e-08
8.8412124440758502e-08
8.8412124439372557e-08
1.1488361395481886e-08
5.9050140857390858e-08
3.357283663447637e-07
6.4305059310606659e-07
7.1781878282037331e-07
6.0542578617029576e-07
5.7531815278450583e-07
6.0424166705935014e-07
1.3745283957333223e-07
2.9086959120785731e-06
7.525379973321248e-05
0.0007896951681653628
0.0054760872951971082
0.027373809004001534
0.10085651163990687
0.27622375996601561
0.56521986148495929
0.86723734754399562
0.99999999999980882
0.86723734753286197
