0.84557815611309906
0.50986578206436828
0.21742527979556189
0.064614075051103198
0.013085710393193199
0.0017517704305223601
0.00015007346770888478
8.2987349391251208e-06
3.8596299062329485e-07
4.5391724911301901e-08
2.5439869866347144e-08
2.0891966426092908e-08
1.4409962267439151e-08
7.0499043353119627e-09
1.9524117840643329e-09
1.8534786778722368e-10
1.0036729464773473e-10
4.7749381525025016e-10
8.7562172863028783e-10
8.7562172862366118e-10
4.7749381524012061e-10
1.0036729464244449e-10
1.8534786780073927e-10
1.9524117841387601e-09
7.0499043354605483e-09
1.4409962267503218e-08
2.0891966426230508e-08
2.5439869866466897e-08
4.5391724912551401e-08
3.8596299064804764e-07
8.2987349396928751e-06
0.0001500734677178965
0.0017517704306094987
0.013085710393720506
0.064614075053133033
0.21742527980056708
0.50986578207214461
0.84557815611948284
1.0000000000000768
0.84557815610672327
