1.3104626850068019e-06
2.1317026997822318e-08
2.0605485894466141e-08
0.014502161447081701
0.13074178114275967
1.1361393016851621e-08
3.9200531112028995e-08
1.1890584039737309e-09
0.69184215639591862
0.00017316847640321797
2.839879240619463e-09
3.9709980997775884e-09
0.0006300000507062952
0.51864647875321768
9.363967198163914e-10
4.1396567184360381e-08
5.8207356826890104e-09
0.22588539887985493
0.0057056054356791515
1.572914790679792e-08
1.3079821228622355e-08
8.1707877905261571e-06
0.96000216423171303
1.5892545240743156e-07
2.9071388509018313e-08
2.1229089539098374e-08
0.033248146016187793
0.069105207559541221
1.7434583120905023e-08
3.5154818734409231e-08
1.3591386216358511e-08
0.84921039637033979
4.1047788007566915e-05
6.2556251746479395e-09
9.0760972493946643e-09
0.0020115599200734593
0.35733047689305741
2.3862866887583051e-09
4.2077778395018451e-08
2.3862866887862572e-09
