2.7304920180688087e-05
4.3538825916989234e-10
1.688612042632487e-09
0.00038867595704999161
0.85852395459889708
8.7295979917717093e-07
7.1976461806110951e-11
3.8476510602379793e-09
0.0034066452134787198
0.54233004605966806
5.9498423387507634e-08
7.0489861708928031e-12
4.0543048425918819e-09
0.020206455934025116
0.25076919152272337
2.8407900200546694e-08
2.7902033532394716e-13
4.1883381953429362e-09
0.084125183900200004
0.084125183891471125
4.1883381947818968e-09
2.7902033540387414e-13
2.8407900203974411e-08
0.2507691915419849
0.020206455931360841
4.0543048427290905e-09
7.0489861724625318e-12
5.9498423388970189e-08
0.54233004608711677
0.0034066452129250225
3.8476510600675346e-09
7.1976461818066787e-11
8.7295979946451384e-07
0.85852395462059283
0.00038867595697322994
1.6886120424694371e-09
4.3538825922498128e-10
2.730492018736705e-05
1.0000000000001297
2.7304920173989144e-05
