0.013388534459961444
1.000115274500094e-07
3.4985880359386777e-08
1.9818814255387399e-08
2.9704635535065726e-08
8.0029312959715319e-07
0.064851793839470248
0.84505096680225689
0.0018817631476868758
1.9568413464814362e-08
2.8905883485112312e-08
1.523092212678954e-08
1.3461516747827742e-08
1.2302373050258924e-05
0.21701917066050283
0.50889360845138787
0.00017960843300120793
2.5700507761672144e-09
1.9650368624541392e-08
1.9650368625469519e-08
2.5700507761438862e-09
0.00017960843305220666
0.50889360849009169
0.21701917063551074
1.2302373046404951e-05
1.3461516749787852e-08
1.5230922126897219e-08
2.8905883486112347e-08
1.9568413468983402e-08
0.0018817631481431918
0.84505096683426995
0.064851793829359641
8.0029312936935459e-07
2.9704635536444464e-08
1.9818814255952926e-08
3.4985880359566599e-08
1.0001152746838755e-07
0.013388534462611359
0.99999999999995803
0.013388534457305451
