4.6438217418088204e-05
3.686661190336736e-09
2.7811354032774926e-09
3.1212327385263954e-07
0.69137084185885234
0.0020769364730796468
4.6862205166620121e-09
1.1217386036466835e-09
1.7472300021957866e-08
0.22572175383933746
0.033447530564503856
9.8284234899769199e-09
4.8883673864180924e-10
9.8284234904604864e-09
0.03344753057054637
0.22572175381391371
1.7472300021166681e-08
1.121738603550598e-09
4.6862205168842921e-09
0.0020769364735852471
0.69137084182209929
3.1212327372718878e-07
2.7811354031563822e-09
3.6866611903475609e-09
4.643821743308707e-05
1.0000000000001461
4.6438217402726543e-05
3.6866611903275146e-09
2.7811354034021549e-09
3.1212327397813605e-07
0.69137084189589537
0.002076936472574265
4.6862205164411797e-09
1.1217386037418151e-09
1.7472300022720874e-08
0.22572175386472804
0.033447530558625774
9.8284234894666189e-09
4.8883673864164277e-10
9.8284234909475105e-09
