0.00026938429157464481
7.5305018964586642e-09
6.385406950941112e-09
2.6427754406825297e-10
0.07574507072579241
0.2367951829720851
3.8444114644728417e-09
1.8174773104770454e-08
2.0572556279474248e-08
1.7005044514233283e-05
0.85323846359181998
0.0026331108709949326
9.78487658478408e-10
9.7959782560476119e-10
2.550634431241689e-11
0.017038897505890212
0.52894741616182384
5.5202453742065703e-07
2.6768215399388003e-08
2.676821539899e-08
5.5202453692443856e-07
0.52894741608397611
0.017038897512463135
2.5506344331402785e-11
9.7959782612406105e-10
9.7848765911349163e-10
0.0026331108697437667
0.85323846365432343
1.7005044526164508e-05
2.0572556276581571e-08
1.8174773101797822e-08
3.8444114582194224e-09
0.2367951829191918
0.075745070748716115
2.6427754405443585e-10
6.3854069530164353e-09
7.5305018989411176e-09
0.00026938429141910262
1.0000000000000275
0.00026938429172986971
