0.51680757495439789
0.068128914286652895
0.0019574392263930875
8.7558251084654744e-06
8.6611550492905929e-09
1.0838267836953275e-09
1.0218257931508621e-10
3.5747063428130122e-11
1.3839359789739606e-09
2.5197369833873137e-09
3.7131236006749639e-10
2.6744103204435672e-12
6.16303293789823e-10
1.1725856756204674e-09
2.6154396497414139e-07
0.00017026595722220955
0.014191272275484649
0.22408268239944795
0.8484580508885543
0.84845805084894599
0.22408268236737944
0.014191272271928974
0.0001702659571572821
2.6154396483751323e-07
1.1725856754707605e-09
6.1630329368184295e-10
2.6744103188986285e-12
3.7131236015829957e-10
2.5197369834934369e-09
1.3839359787895396e-09
3.5747063411301023e-11
1.0218257935093441e-10
1.0838267836743562e-09
8.6611550528288828e-09
8.7558251125028739e-06
0.0019574392270033641
0.068128914299931856
0.51680757500289187
1.0000000000000746
0.51680757490568485
