0.0024089191733697155
4.9452379755150423e-08
1.0277608054307533e-08
9.172223835767902e-10
4.3577670719627884e-07
0.22795739788358482
0.22795739788803471
4.3577670723878094e-07
9.1722238353630208e-10
1.0277608054279413e-08
4.9452379754186447e-08
0.0024089191732731417
1.0000000000000409
0.0024089191734673688
4.9452379756143867e-08
1.0277608054331599e-08
9.1722238361498671e-10
4.3577670715312992e-07
0.22795739787913682
0.22795739789247901
4.3577670728148744e-07
9.1722238349807476e-10
1.0277608054260918e-08
4.9452379753234203e-08
0.0024089191731753337
1.0000000000000493
0.0024089191735643025
4.9452379757208905e-08
1.027760805434978e-08
9.1722238365393854e-10
4.3577670711001933e-07
0.22795739787470018
0.2279573978969362
4.357767073239042e-07
9.1722238345971498e-10
1.0277608054227387e-08
4.9452379752292818e-08
0.0024089191730775677
1.0000000000000582
0.0024089191736620013
