0.00095862084028510493
9.9583414788472218e-09
1.9086668124402324e-08
9.9583414790269731e-09
0.00095862084027414874
1.0000000000004063
0.00095862084030084299
9.9583414786714426e-09
1.9086668124401179e-08
9.9583414792209387e-09
0.00095862084024478063
1.0000000000004019
0.00095862084033479099
9.9583414784960869e-09
1.9086668124400977e-08
9.958341479404907e-09
0.00095862084020551257
1.0000000000003979
0.0009586208403760606
9.9583414783250822e-09
1.9086668124400391e-08
9.958341479601005e-09
0.00095862084016175026
1.0000000000003935
0.00095862084042072008
9.9583414781500674e-09
1.9086668124399448e-08
9.9583414797856681e-09
0.00095862084011600897
1.000000000000389
0.00095862084046702733
9.958341477975696e-09
1.9086668124397486e-08
9.9583414799751752e-09
0.00095862084006920602
1.0000000000003864
0.00095862084051432902
9.9583414778073946e-09
1.9086668124396639e-08
9.9583414801642704e-09
