0.0092571539793394348
1.2736704527552333e-08
2.3778377438499786e-08
3.4297981114945935e-08
6.4212211393974283e-09
0.0036980168886219878
0.96299786865851189
0.021233791265075325
3.633594117276665e-08
1.5762803376948843e-08
4.6996633255771716e-08
4.3118734645637441e-09
0.0013510160999849058
0.85992224706986253
0.044717617375333758
1.3247561147615639e-07
9.9356665239222999e-09
6.057150632768841e-08
3.0955985323573765e-09
0.00045066588247372625
0.71182763016341022
0.086626100131054776
5.4706928222943886e-07
5.8411419902871491e-09
7.2873902417635163e-08
2.1215858150716483e-09
0.00013717221843775006
0.54595878315080504
0.15462685518356151
2.343653805793017e-06
3.1853698400784178e-09
8.1508918941615954e-08
1.5698422145777968e-09
3.8160377666211788e-05
0.38771663738274159
0.25471205467460023
9.7699168361814403e-06
1.8204219957034496e-09
8.4619402371507685e-08
1.8204219956229109e-09
