2.1710024522738788e-06
4.2320420950983509e-10
3.9932199529311223e-09
0.25322946611529162
0.0035606957072822185
3.0088653961138959e-10
3.0088653960392604e-10
0.0035606957070782592
0.25322946612219172
3.9932199528779669e-09
4.2320420951748248e-10
2.171002452083933e-06
1.0000000000001692
2.1710024524629874e-06
4.2320420950129791e-10
3.9932199529955944e-09
0.25322946610836949
0.0035606957074858399
3.0088653961946846e-10
3.0088653959766817e-10
0.0035606957068744839
0.25322946612908109
3.993219952826431e-09
4.2320420952543292e-10
2.1710024518928559e-06
1.0000000000001927
2.1710024526519397e-06
4.232042094928997e-10
3.9932199530579291e-09
0.25322946610149677
0.0035606957076896005
3.0088653962763232e-10
3.0088653959118571e-10
0.0035606957066686906
0.25322946613601072
3.9932199527743253e-09
4.232042095335455e-10
2.1710024517029625e-06
1.0000000000002145
2.1710024528401343e-06
