0.078314010242353405
1.6380044982957018e-05
7.3797379511664411e-09
2.3022095484715157e-09
1.2054933073897118e-11
3.5387435760737404e-09
1.1965056908051907e-08
0.00028070306645138491
0.2413657627261433
0.85505012820351722
0.017890301150704023
4.8623690591360279e-07
1.171787088445673e-09
7.697552388047531e-10
1.3912977273307947e-10
2.1708515205987795e-09
1.5383379049660918e-08
0.002789805439934393
0.53346728391864018
0.53346728398614363
0.0027898054410904422
1.5383379056219795e-08
2.1708515201116189e-09
1.3912977279218683e-10
7.6975523858726074e-10
1.1717870880398524e-09
4.8623690554089802e-07
0.017890301144745324
0.85505012814972814
0.24136576277252103
0.00028070306659477547
1.1965056907847214e-08
3.5387435760980976e-09
1.2054933081879763e-11
2.3022095481110035e-09
7.3797379495187039e-09
1.6380044972552401e-05
0.078314010221929811
1.0000000000002127
0.078314010262725747
