0.0013526927439662887
0.0020115351080942779
0.002402638927827203
0.0033006522071992264
0.0023246129048256439
0.0012718491950214721
0.001852935162315713
0.00066222407948152292
0.00063157902410874295
0.00027017339708656498
0.00076799536705831858
6.1413853330918286e-05
9.1204207363557413e-05
1.9084241271673805e-05
4.8641515660219837e-06
8.3836070624192026e-06
9.9742715021965622e-05
3.5371762920089927e-06
2.0128505134322779e-05
2.5818171456756302e-06
9.7432257720287709e-05
1.2984153172852787e-05
5.273005875444195e-05
1.2754594412350758e-05
4.6578055682607248e-05
4.5550458392735243e-06
1.1627329306855406e-05
5.694209470508575e-06
1.7865105144532833e-05
2.8532139682186255e-06
4.8908731538630774e-07
4.8060457871699999e-06
5.6388546472380154e-05
2.3287446662349569e-05
6.7082997244342891e-06
6.0654904840411298e-06
1.6427090115125679e-06
8.7483872791035431e-06
2.8525566308644119e-07
1.7738867053240327e-06
