0.085965134759268758
0.01965699040812293
4.4539359347337865e-05
4.0287376554371034e-05
5.1125008067344836e-05
4.6191609242841816e-05
3.4665876663397557e-05
3.9467647920153361e-05
5.6063165625366968e-06
1.3167601713084436e-05
2.285918696653628e-05
9.2381848788519378e-07
1.5413951228585699e-05
2.062094609954568e-05
5.9929880076124398e-06
3.2347042410222653e-06
1.1756525887649551e-05
3.3434752194773385e-06
4.1909057927280263e-06
7.5129261011029918e-06
7.1059765856167047e-06
2.850877000359541e-06
3.555854625168868e-06
4.8178866649694351e-06
1.1537039260603271e-05
3.8847561704161803e-05
2.5909346222105539e-05
4.2274997236201842e-05
1.5856092256530322e-07
1.2951396215634277e-05
4.5021116437829913e-05
7.1012115008051392e-06
6.6803220204030768e-05
0.00018358360582046673
0.00013538064911358883
8.587398550621286e-05
2.3590353235163663e-05
4.2103847410701031e-05
0.026953402874386891
0.095335343267351366
