0.00084985454386185609
6.9094964330804484e-06
4.2076252351764344e-07
1.8966292631990199e-06
5.6880322125215463e-05
1.3929004117326372e-05
5.090649205229043e-05
1.0320834143693941e-05
5.1541070156495285e-05
1.5482279450484019e-05
1.1563070274803195e-05
1.4345354275698427e-05
2.6243117072453504e-05
2.0258415823668946e-05
1.545437737022757e-05
1.315337087479093e-05
6.7948634762720636e-06
2.487065055827053e-06
1.0129718684560207e-05
1.4379722818102463e-05
7.9966377988635237e-06
2.8801923043826196e-06
1.7536549618165883e-05
9.4690708464808509e-07
7.1106247997575405e-06
2.3402692724492095e-05
3.0369909022246868e-07
4.9551076128148545e-05
4.0582403826830162e-05
8.8403389169912954e-06
1.1020982607430384e-05
1.4098766684981692e-05
1.2209972625347288e-05
1.468058496622538e-05
1.8445619365017824e-05
8.9747148184938261e-06
2.5031360911879672e-05
2.3211388242488114e-05
8.4563685697562055e-06
9.9453299635499237e-07
