0.0012667232310867521
0.00024079567045072245
1.1374957168741376e-06
3.9288404260823039e-05
2.4673975051115839e-06
1.4922768935724549e-05
3.5727388286809625e-05
5.6126301150790675e-06
1.5078713880350803e-05
3.3258736064415377e-05
1.236224571871549e-05
3.5548968731095252e-05
7.1182137867498773e-05
3.7929638770994021e-05
1.2484578493751172e-05
1.3691371342249835e-05
2.8990299738148986e-05
8.600492814407318e-05
3.3828626863827626e-05
3.9752976205317886e-06
1.0199461817268968e-05
4.666853929681301e-06
2.7273806935337988e-05
3.2392631825042243e-07
3.257755521404993e-05
9.9794104577911591e-06
3.7183831701657211e-05
1.6471636592855465e-05
1.8948316294452739e-05
1.0180120578054776e-05
9.1568950975772028e-06
1.0506553752578677e-05
6.4826719820463649e-06
4.452106770605012e-05
3.0317641270866738e-05
1.7555871032740174e-06
1.1545210586124151e-05
1.0866419522169622e-06
0.00036116998222287172
0.001274043520626483
