0.00051643788505100049
0.00018041077659372971
0.00025123436711477589
0.00018982464737851731
0.00017931588136090606
7.4904621318308909e-05
6.1014690826484234e-06
2.7213993261422264e-05
8.9223341014520234e-06
1.459671500798474e-05
2.7002506879084539e-05
0.0001181147611788833
3.91767505417095e-06
1.4085615212321514e-05
1.2394463608575531e-06
1.3034567982889504e-05
1.9071911799444169e-05
1.2125111728432971e-05
4.284704432353182e-06
2.5693564496051235e-06
6.0615056337272573e-06
1.7608349743984697e-05
1.6167659777874481e-06
1.6792564098216788e-05
2.8189317117418815e-05
1.5278875414410323e-05
1.5592693717917582e-05
1.0426570120917303e-05
1.1384649575861551e-06
8.853010353308876e-06
5.4577229748865375e-05
2.1081116435383781e-06
3.5691299727461479e-05
0.00022254642208345064
8.1721808162455494e-05
0.00017201783407900471
0.00043354702645801449
0.00018155142276480139
0.00057527405355647639
0.00031763649779567896
