0.00037463681599078473
9.1131605038177253e-05
0.00020521277975928776
0.00022084717655281545
0.00055857093278335152
5.8056815296010379e-05
0.00012906913088412306
5.8650838155925079e-05
1.5074262326672959e-05
2.7098895849751742e-05
2.4495133933406742e-05
2.1350979964811148e-06
5.0624783963999666e-06
6.7578407090105812e-06
1.3000725857523312e-05
6.3251479989999923e-06
6.5154800303600342e-06
6.0568189449191259e-06
9.1709691734482861e-06
1.2094576856422757e-05
2.388036502136622e-05
5.444071585231765e-06
2.5545650233314065e-05
3.4910236484337608e-05
8.262292782543076e-07
2.871712587934988e-06
1.3638485898232171e-05
2.8146469719446884e-07
1.9905477440502572e-06
1.9176265854517339e-05
9.7828227970111937e-06
1.4409621854679738e-05
4.4535217795326995e-07
4.1417652906402934e-06
4.0073125983017927e-06
2.1407630850532683e-06
1.0687811801673732e-06
6.75168989728416e-07
1.3192293938884739e-07
9.6559658155663861e-06
