0.00060240006421876692
0.00013556578174020269
0.00015585326020978142
5.5931922719279175e-05
3.1105573954601268e-05
3.4065634792828654e-05
7.9338836390935201e-06
1.9055159815431928e-05
7.5485465508969032e-06
2.8041473094728657e-05
1.6527303757412679e-05
2.3248568469483094e-05
7.4437560183749096e-06
1.3650132352038132e-05
2.8198831768137656e-06
8.9343278830097508e-06
4.5374343038274296e-05
1.9411936871493224e-05
2.7147326080792802e-05
1.4370689943711914e-07
9.345478981123926e-07
1.9298276304918751e-05
2.6152992673677602e-05
6.2363725663351395e-06
7.5067565248947615e-05
4.8622489306801819e-06
3.747103801316907e-05
6.7197556462057667e-05
3.661221962228893e-05
3.0245356655575735e-05
2.7861777256710857e-06
4.7555912870736184e-05
9.9198721283448612e-06
4.7411356659343326e-07
9.3794907717368816e-06
2.4877851515416714e-06
0.00019526477729625731
6.5014690454028964e-05
0.0003148597143827569
0.00020468544460401934
