0.00052836242177094748
0.0004847521288342927
0.00010359107239605174
5.8832609834675551e-05
6.1638946589424732e-05
2.5340246822721425e-05
1.5727766417023213e-06
2.0431023836918914e-05
9.0930295512492693e-06
5.078078483327876e-06
2.1676299017611429e-05
6.2467153362146154e-05
2.4900144583506831e-05
1.1105605813031779e-05
4.1029104398581512e-05
5.7716822819765516e-06
3.5442227825160454e-05
2.0392045459974808e-05
5.7550032332802757e-06
2.8477376077738209e-06
2.3745240160935359e-05
2.5894111529440715e-05
9.5898661208304948e-06
4.1539250734555287e-05
3.8260081385612506e-05
1.2727191117400623e-05
1.1754201998758696e-05
3.283954307878101e-05
1.628935901092405e-05
5.2523268831011017e-06
2.3277378916450318e-05
3.4179469071579768e-05
2.2661181627184482e-05
6.3107867767063561e-06
6.9873523897265571e-06
3.0011940789330047e-06
1.5327439513752586e-05
1.5251840746221636e-06
1.9332526179300267e-06
1.7737525483475271e-06
