0.52541902686346953
0.39758336627758689
0.15337652717040831
0.033391678222196998
0.0041864664043908418
0.00045694279449033957
3.7930832458305987e-05
0.00013930523279714058
2.4264963012072172e-05
3.2763895334371189e-05
3.3234432496630083e-05
1.260197207632967e-05
1.2750485903241408e-05
2.7445583010104191e-06
1.346596078950715e-05
8.196445557284426e-06
1.2412146942195332e-05
1.4650129861562866e-05
2.330628058293772e-05
4.947885336315268e-06
7.111447005261554e-06
1.7904898416176337e-06
2.0779187353087195e-05
3.3000323948445403e-06
3.9019884606952667e-07
3.4961038601063356e-06
1.1524752315632771e-05
2.5457390427810094e-05
3.6575505260003447e-05
6.8881017367848104e-06
4.5485207590321407e-05
9.5663768002820392e-05
0.00010541130874500902
0.00014169918384744878
0.00025639737638559712
0.0025807575027504298
0.02645326054756237
0.14807221373999555
0.41985817539564352
0.53712907814067179
