0.022212250524176393
0.013084973289918325
0.0015532414558286315
2.491451990913234e-05
0.00012327657088684118
4.957035034030481e-05
5.7198045828920076e-05
9.4425996555954499e-06
3.1398349826295969e-05
3.5304254637046569e-05
9.1805485504617343e-06
1.8273811585979452e-06
3.6297725409327098e-05
9.9913703936894774e-07
1.414797747827427e-05
5.5714248376647492e-05
1.8670945659909719e-05
1.2437670990028739e-05
2.8155716585290018e-06
5.5887215735338094e-07
1.5723521147371665e-06
5.5828282761618161e-06
4.0065930145132171e-05
3.8645232274821528e-05
3.3675700008151347e-06
8.8978713469945393e-07
1.204187945428945e-05
4.0400387335438198e-05
7.8843339810480509e-06
1.8430204811299334e-05
1.2883540909322234e-06
3.2956909891144807e-07
1.019623734996767e-05
2.8176871983573457e-05
4.888925957905523e-06
1.0275446039217116e-05
1.594075301955943e-05
6.311916634542343e-06
9.2657099245608316e-08
3.8264976671479019e-06
