0.00086362589544947317
0.00019545219616814497
3.4048361631159122e-06
3.3350937341143218e-05
1.2655411275482073e-05
3.0993327240208472e-08
1.5069438699865214e-06
2.503619595190028e-05
1.7643126404316176e-06
9.7393759768701262e-05
2.3750570898786e-05
1.9276484569667422e-05
4.9469509714574329e-06
1.2599792072386023e-05
4.9728422250069366e-06
4.5202405025484434e-07
2.474120606614673e-05
1.0751214574797308e-05
2.1142370518116407e-05
2.5403470176968327e-05
2.7886839930591137e-05
1.4284190744797308e-05
3.4463632071979146e-05
1.099019678711781e-05
1.4330166924784261e-06
2.6984290111310768e-06
1.5665892228869298e-05
2.232057473820489e-06
1.5151084498027586e-05
1.2412350530700617e-05
1.2883379496577267e-07
1.1567355411095209e-06
1.7060244545358867e-05
3.0148528927965954e-05
8.9572855074072829e-06
2.9505043046931525e-05
0.00020246733266333065
1.0281397280028023e-05
0.00064537434851525224
0.00087353760930421469
