0.0015689256599556269
0.00048800052662709023
0.00010201003562975036
1.0136599108988371e-05
3.0938444827042985e-05
8.3392489837502419e-05
6.1947616059134135e-05
0.00025932124098204917
9.9792456112948228e-05
8.5146394326773194e-05
8.6858283586490495e-07
2.5646128829978418e-05
4.5202555527480075e-05
2.6591610988926475e-05
2.5083099777184799e-05
8.0984067065702444e-06
3.1600145643665934e-06
1.0005144554374918e-05
6.0188670299077032e-06
1.4344472835918531e-05
3.8985976980464412e-07
1.9745966173723819e-05
3.3720848792555437e-06
4.64474734662029e-06
2.2515503413280829e-05
3.3277310644620372e-05
6.6789122112191561e-05
1.0322082719153007e-05
7.5680664567636907e-06
9.2596943080190817e-06
1.5238797243651668e-06
1.2220861821263639e-05
1.6212177607601554e-06
1.6314727018983023e-05
1.7196993242847875e-05
6.5779892897683029e-06
4.981154820465796e-06
1.81901872663698e-05
4.9706744091864886e-07
7.0345256105370575e-06
