0.0020590220056242812
0.002474447197339687
0.0035404803159964355
0.0015420893843063712
0.0011178851372536263
0.0027198145532979705
0.0004736060526988042
0.00059742552172063572
0.00077801602120763599
0.00037066605971581657
0.00027797176847488113
4.908454982757751e-05
9.9701358985598436e-05
3.8106420975834972e-05
0.00012300512064685053
4.4169332739037871e-05
9.5601350451871961e-06
2.6188034162866757e-07
2.6970476541535209e-06
2.2387793676651498e-06
1.5962988818926287e-05
8.2240147641365007e-05
6.5046904480768806e-05
2.3754242286459372e-05
3.0456775967795835e-05
5.5344475807305593e-06
2.9948973426961604e-05
1.3836511351888342e-06
7.1242815795423212e-06
2.6908668190009373e-05
5.5005870938118377e-05
4.4119378231571563e-09
3.9738773964869515e-06
1.5776386518266306e-05
5.4708476527834604e-06
1.2061812490656274e-05
6.9330472887743947e-06
1.8020746179283757e-05
3.4082107040522066e-06
2.9398314823353956e-05
