0.0010064956940791219
0.00038132947919909075
2.4626397440063584e-05
2.4895807796811096e-05
3.9564011960441341e-05
1.9659899739664466e-05
0.00010587652970247179
9.9533277019783608e-06
3.0285853184349451e-06
2.070745185217458e-05
3.0459426545738428e-05
2.7324230701335491e-05
6.1978293918889634e-06
4.9338697581717894e-06
1.9970693616235981e-05
5.3599752619653002e-06
1.2387101966225243e-05
1.6824256792631037e-05
1.2113890819885716e-05
1.8882342541742062e-05
7.8290628989517525e-06
2.7480784242793049e-05
3.553649927039344e-05
2.1389369395947429e-05
6.7354737512948042e-06
9.6076513053128742e-05
1.1644918444996289e-05
1.3286553620489139e-05
1.3991450539507962e-05
2.388696003349454e-05
1.2523001417207704e-05
1.6000965963646479e-05
3.8798805715084973e-05
5.8040339223818001e-05
2.1392727911827935e-05
4.8321974065302498e-05
1.0717823448196382e-05
7.3075080910941752e-05
0.00020884868485726397
0.00099596293213960007
