0.00066090158333933146
4.1165095105252981e-05
1.3886935196526579e-05
5.1776043182739372e-06
4.1950709826014424e-06
1.9762934301008818e-06
9.8868718718646778e-06
2.7969730966395105e-05
4.7642715816773845e-05
4.6799818254882102e-05
1.6159985137002351e-05
2.7701559383779343e-05
6.4553297870767611e-06
1.74328438086906e-06
1.4386249260993599e-05
2.6709106472110589e-05
1.4386530321787966e-05
3.126784195234971e-06
1.3342247013747566e-05
1.6967677378188794e-05
1.0201530461825203e-05
6.661632534661905e-07
7.0230244102799975e-06
5.2813901431826189e-06
2.8764357829396324e-06
1.9770881079966133e-06
1.4580049486458116e-06
1.2578778816320153e-05
8.3540465381823976e-06
2.2306278460487843e-06
2.8569749370104418e-06
1.7378296745152903e-05
1.8202454282396703e-05
3.4573333077950348e-05
2.8573762899261931e-06
3.2024460194746124e-05
1.2660559827689615e-06
1.4815645258845738e-06
2.3910476462796734e-05
3.217504384148518e-05
