0.1019754581917478
0.017067557293283714
0.00029724307969759665
8.5410889265944597e-06
6.7523086113143482e-05
5.217194028505167e-05
7.2468053352799661e-05
1.9517668079282494e-05
4.4897368579364684e-06
1.9948002559987595e-05
3.6406514859638174e-06
1.387445477309485e-05
1.274228609661105e-05
1.220657003137056e-05
2.760551306334392e-05
1.2927252656467913e-05
5.7793246656178393e-06
2.8341743255061462e-05
2.191887883660665e-05
2.1861141895551647e-05
2.5974180251720873e-05
1.3850884893615464e-05
2.698076646077636e-05
1.3347135036586055e-05
4.2112999235103602e-05
2.2281580575988348e-06
5.1081306818137719e-07
4.2704530794869365e-05
2.4400579230573933e-05
3.6932712903548684e-06
2.3861035955729101e-05
2.4735119729896532e-05
4.1103469003124846e-05
2.762361843760397e-05
9.8811811737605545e-05
0.00010206160419078726
2.2164527576320772e-05
2.7037543289761627e-05
0.029935321405776791
0.11550561995876697
