0.00039034715182610359
0.00033648342065063325
0.00023235574507447378
0.00012522274767873213
0.00011299095450662489
8.1635998933937847e-05
6.9062621179677517e-05
1.1466822458779723e-05
1.6718811001294913e-05
1.0652098069808146e-05
1.9491195872933941e-05
1.0014375290587917e-05
1.7084026246586323e-05
6.2159572892439512e-06
4.1978714359529623e-05
4.7872078617235636e-07
2.1010938119220921e-06
1.059707404206411e-05
1.6996628278144833e-05
1.3074155468362551e-05
1.5918535355613274e-05
1.3007599033319433e-05
1.3146655838147202e-05
5.7379294053241548e-06
2.8965912728352972e-05
2.9817772712345229e-06
6.3933786979249157e-06
1.2061867443061337e-05
5.3890776617585285e-05
4.5030533645536527e-05
1.6692065029428486e-05
1.2116684934649988e-06
5.6658721441836283e-05
6.4228221999194454e-05
1.6813326168572375e-05
0.00033832419183569618
0.00014810998213961841
0.00025531950222126734
7.2586003403612786e-05
0.00038298249653475773
