0.00045245941530025149
0.00028802432508259529
3.4615424203873064e-05
4.1471357162781816e-05
0.0001295616627811788
0.00030123177362043356
0.00017956954624406626
0.00018176314781161331
2.4037067584052999e-05
5.2647997714701322e-05
2.6993936274415603e-05
2.4183674248831628e-05
1.9528146913600907e-05
7.1761375050413069e-05
1.6456894216222052e-05
8.5933103005280421e-06
3.2115381079091966e-06
8.3828300904831621e-06
6.7469878583326524e-06
2.875207954198466e-06
1.6354149132706543e-05
3.1251240874513502e-06
4.7510690508164918e-06
1.1172445928205583e-06
1.1893330946480733e-06
3.3855720565657367e-05
2.0247901798452988e-06
4.4721340576857909e-05
1.693655563545419e-05
1.0135861562713957e-05
2.6068624129790078e-05
5.0934562436313123e-07
2.1949284602195953e-05
7.6410320610372054e-06
4.3835751350589518e-06
7.0264183984262391e-06
2.0628930665085287e-06
0.00013024987575851544
2.4811594845766064e-08
3.7138332476084742e-07
