0.00030938559224291293
0.00057138603430429238
3.1850997032381442e-05
6.8649785951497636e-05
6.1034642231533232e-05
7.0925957236159606e-07
7.4775051111015798e-05
5.1937494960567155e-06
9.9486202403723748e-06
1.7578826746911714e-05
2.6029598657106677e-07
2.1938505457045606e-05
3.5816142983412867e-05
3.7939492447949359e-05
2.5154673012871443e-05
2.083371741879641e-05
8.8118812895257335e-06
1.9405039832097413e-05
1.5688935964832568e-05
2.1512939828879949e-05
1.6598323858845167e-05
1.2033040546753939e-05
3.8375358385644564e-05
1.8710195820830958e-05
2.2725635680233556e-05
4.2570902900027465e-06
3.1015604736182043e-05
1.2223599129113316e-06
3.6824722306771752e-05
4.7275138573413643e-06
6.4031971200208062e-05
1.3939735825306996e-06
3.1447011527930498e-05
3.3225323156490006e-05
5.2908737491642378e-07
4.8411607248681042e-05
9.2301215773555798e-05
2.8366547641432669e-05
3.1169904519461222e-05
0.0004084596581549663
