0.00062151866405035555
0.00058948265576147768
0.00027499072943137286
9.2375040513028563e-06
3.1324993800839189e-05
4.2423350156308884e-06
1.0692946431280842e-05
2.0758024713093581e-05
1.7365376524066389e-05
1.5112112110672573e-05
1.4121790913314981e-05
1.100252932186534e-05
4.0949160998905167e-06
1.5290998836090428e-05
1.0153406705477436e-05
9.4172031274795208e-06
2.1494776405321187e-05
3.3251696534859816e-06
3.1967233992856857e-05
4.3815765227759422e-06
9.7200294495246536e-06
1.2033947061263784e-05
2.183603071929401e-05
3.5915987199458177e-05
6.5133959407112225e-07
1.0520232918108319e-05
1.0980569958888604e-06
1.9473684625254348e-06
2.2161617044157018e-06
5.3500073250535738e-06
7.4580592343145033e-06
9.2443512124009875e-06
2.0642070685014526e-05
1.0358256823778205e-05
9.403711240254256e-06
4.4440497310548261e-06
1.5984302813406619e-06
5.6779850796019485e-06
1.0994746395638726e-06
1.5314792966584352e-05
