0.55275942427674196
0.38040113112797419
0.17872642121586915
0.031130431721754202
0.0030814712606701518
0.00017581439349169604
0.00012274334165990374
3.4320869641417529e-05
2.9744907686837238e-05
6.2825315890388672e-05
2.1573761751626409e-05
4.7689661152132889e-05
2.1177727380886033e-05
1.7054248382070401e-05
1.4558852114037239e-05
1.8801492839592906e-05
1.8534857550715502e-06
9.0119083891519025e-06
8.2002693769587533e-05
2.0122289815533361e-06
8.956594183561447e-06
1.051674736775673e-06
9.4982123762751569e-06
5.9948942456953795e-06
1.509592165512646e-05
3.8188757738165603e-05
1.8931604450271194e-06
1.2603614646168532e-05
1.0147685364091617e-05
3.4882296902973841e-05
0.00011886517374358
8.9658580468705764e-05
5.7538674125103989e-05
9.3038374047239823e-05
0.00016782673244612815
0.0031905229771045191
0.024041320192323638
0.16311315980874333
0.43112422667252071
0.56337104872853561
