0.028546297793278549
0.015189941610949265
0.0020350333806699161
2.3069219781495794e-06
2.1697091746850591e-05
4.2597430530291518e-06
6.2685841067208284e-05
2.760278116195886e-05
0.0001560084694165719
9.8898305046257149e-05
0.00015148592348417303
9.3187421037847101e-06
1.5144358353044491e-05
1.2033517506641342e-05
1.4608699661620986e-05
3.3432341578731521e-05
6.8143063547154787e-06
4.0203605779507074e-06
1.3361312779157466e-05
1.8591259739444493e-05
2.1620418892176205e-05
3.3744662004705144e-06
1.2369708481181138e-05
3.1625803067517925e-06
2.6273642778935244e-06
6.3035729354902041e-06
9.7083329975327338e-06
3.8795568345479939e-06
2.2803979571982602e-05
2.3216935410507397e-06
3.3692275883696417e-05
1.1328134641766247e-06
1.3534335388332404e-06
1.276339933932708e-05
1.1897415973904237e-05
3.941691584683323e-05
5.9295118190335992e-07
5.7417505113900235e-06
6.8351803202236997e-06
5.8121688466882016e-05
