0.00059834082758482906
9.5406087882021865e-05
6.3455120089565365e-06
8.7868111271856261e-06
1.9803260949981011e-05
3.8586807258677215e-05
1.7653197729976573e-05
2.4728902248484842e-05
6.1602651739797829e-05
3.320494597414712e-06
6.7231313592141425e-05
1.1895881698935547e-05
8.7354120321870178e-08
5.802372542501354e-05
1.8307732280333708e-05
9.9380609433344197e-06
2.3027620751831253e-05
1.1340612323992392e-05
6.7525018680023663e-06
4.6149697097554433e-05
5.1961985733586769e-05
1.2552899555898374e-05
2.2349043309051246e-05
1.5184162049610344e-05
7.1795438935172834e-06
4.6293638917126441e-06
9.3538866691607738e-06
7.0464120605802006e-05
6.5603188578445857e-06
1.8007513327779398e-05
3.7982483177097401e-06
6.6448729612496428e-06
2.2271032826747137e-05
1.5743281511365473e-05
1.1671742390143459e-05
2.9562242767107967e-06
1.0694829755196265e-05
2.1321959840726206e-05
6.0328397683772763e-05
0.00075483948359271013
