0.0014113379383767159
0.00047142346082740862
7.4643491679399638e-05
5.0274488045725395e-05
4.4471164013697517e-06
1.7567324045723261e-05
8.2664086412700529e-05
0.00012653466361313095
7.1035125306109686e-05
3.0663961897502711e-05
5.7935714534946888e-06
6.2412659079068121e-05
1.4516382902270271e-05
2.756711071816693e-05
3.0325191532498477e-06
4.432321455232333e-06
3.2362405670645891e-06
2.9131211255286183e-05
4.0937413555366755e-06
6.1004759888181601e-06
6.4858513358280893e-06
4.1827092453457675e-05
2.4777941459209437e-05
1.2346165723951209e-05
3.8973175543589363e-07
1.2947430454078443e-05
1.8427021450875369e-05
2.7606221947036687e-05
2.2635924969063131e-05
2.1954751445572346e-06
7.8286840605305631e-06
5.8519900497270709e-06
6.2926594716349672e-06
3.1712564166060891e-05
5.6397339971481299e-06
7.2477920409842711e-07
2.3663228266199115e-05
7.8281955881782559e-05
6.808312330448916e-07
4.5103688718530108e-06
