0.13377198381657929
0.00022301755293881498
2.7686467672391642e-08
4.2510926762341606e-09
2.6609075634498928e-10
9.1232544792778972e-11
3.8733862331447624e-09
2.2824997020079323e-08
5.6826743970255187e-05
0.071536829099176608
0.96024654320157832
0.22921935260577922
0.00076248123155682164
1.9640034640502472e-08
4.686843933321391e-09
6.084286709674718e-10
2.2066405917931163e-11
3.3521276497323824e-09
1.5807811213349237e-08
1.2125434941091908e-05
0.034978942773281625
0.85011786458861371
0.36053773188265115
0.0023160623604152795
1.2985678064280963e-09
5.534214195731201e-09
1.1534086938922316e-09
3.2564863430883481e-12
2.6522658557646191e-09
1.051458867393675e-08
1.9714816312849525e-06
0.015596507176816434
0.69363802421522913
0.52129214657413647
0.0063195834726990979
1.7949745482301111e-07
7.2769528159050729e-09
1.8708081651727849e-09
6.7882173368762767e-13
1.8708081648061151e-09
