0.2592094838218606
0.0040336201459081119
4.9978262426701834e-06
1.10085029136409e-07
8.2953602668882002e-08
1.3146176982793177e-07
1.3146176982836005e-07
8.2953602669059654e-08
1.1008502913544483e-07
4.9978262425567115e-06
0.0040336201458330686
0.25920948381954872
0.99999999999972711
0.25920948382417774
0.0040336201459825957
4.997826242771918e-06
1.1008502913766072e-07
8.2953602668660317e-08
1.314617698278189e-07
1.3146176982847054e-07
8.2953602669110462e-08
1.1008502913457877e-07
4.9978262424507324e-06
0.004033620145758623
0.25920948381725317
0.99999999999974176
0.25920948382649539
0.0040336201460569217
4.9978262428764427e-06
1.1008502913893599e-07
8.295360266848199e-08
1.3146176982749978e-07
1.3146176982860241e-07
8.2953602669174281e-08
1.1008502913367036e-07
4.9978262423471403e-06
0.0040336201456838668
0.25920948381494824
0.99999999999975886
0.25920948382880282
