0.96202231395012383
0.85645169162897228
0.70540718043549222
0.53728749715140323
0.37821342315458878
0.24585860023352837
0.14744374686700945
0.081479925024914801
0.041434568040344982
0.019358889683954751
0.0082954623187118538
0.0032540931928045332
0.0011664852820783412
0.00038170219764119945
0.00011415214046701908
3.1424042546455639e-05
8.1266835880657033e-06
2.0576282311962758e-06
5.350889756550488e-07
1.4152129289112619e-07
3.3993160071165402e-08
8.4714491976424553e-09
8.2722114995839869e-09
1.3130064163298628e-08
1.5375841592688475e-08
1.3559097577145993e-08
9.2676454692758007e-09
4.8070867449801196e-09
1.719563846451647e-09
3.2284128148051765e-10
7.5826793999239313e-11
2.4258943397573229e-10
3.568331689444188e-10
3.0852872655782819e-10
1.8301563695307264e-10
7.7324380277490021e-11
2.2831423711824587e-11
4.1461901214881508e-12
4.5404272055268051e-13
4.146190121919313e-12
