0.38075294452190045
0.019372034281832404
0.00010558247819623569
1.2695369321002265e-07
4.9642818513917052e-09
6.4895302523711477e-09
1.454965604756013e-08
1.8056513519732512e-08
1.1174940893913893e-08
4.0464350080891754e-09
1.3333731290723956e-08
1.6734029423092253e-06
0.0011262037286709806
0.082166520777682342
0.70746150481004133
0.85761825861887986
0.14877691474315924
0.0031912935920622868
7.0026512142810415e-06
2.4744271378174846e-08
3.5418800773993989e-09
9.5700560107328425e-09
1.7302152914363981e-08
1.6092849556483182e-08
8.0127148975653019e-09
3.7648008731874975e-09
5.0659242428902129e-08
2.8220838310623451e-05
0.0082325406739586458
0.24789623528942303
0.96235961971763495
0.53986353241185359
0.041676557682841203
0.00036142859594296941
4.1931716245654907e-07
7.7192559502512189e-09
5.0999940898688614e-09
1.2855745574917997e-08
1.8310399601421005e-08
1.2855745574546727e-08
