0.69070076750994869
0.22528475936307341
0.033700465760164632
0.0022212522562123885
6.3170981821574407e-05
8.7727750365278338e-07
2.3562316739205823e-08
4.3639975785031702e-09
2.2173878998727065e-09
1.1554398418012356e-09
7.1909039389502003e-10
7.9866578484764908e-10
6.6140770032732466e-10
7.9866578485620027e-10
7.1909039388985036e-10
1.1554398418944632e-09
2.2173878999740721e-09
4.3639975789702865e-09
2.3562316744923156e-08
8.7727750404582224e-07
6.3170981846676072e-05
0.0022212522569156129
0.03370046576820155
0.22528475939730666
0.69070076755985665
1.0000000000000204
0.69070076745981634
0.22528475932885042
0.033700465752216205
0.0022212522555070664
6.3170981796149418e-05
8.7727750326196492e-07
2.3562316733401659e-08
4.3639975779770973e-09
2.2173878997406732e-09
1.1554398416901422e-09
7.1909039389024089e-10
7.9866578483488703e-10
6.6140770032587316e-10
7.9866578486217603e-10
