0.99999999999994049
0.99999999999994049
0.99999999999994049
0.99999999999994049
0.99999999999994049
0.99999999999994049
0.99999999999994049
0.99999999999994049
0.99999999999994049
0.99999999999994049
0.99999999999994049
0.99999999999994049
0.99999999999994049
0.99999999999994049
0.99999999999994049
0.99999999999994049
0.99999999999994049
0.99999999999994049
0.99999999999994049
0.99999999999994049
0.99999999999994049
0.99999999999994049
0.99999999999994049
0.99999999999994049
0.99999999999994049
0.99999999999994049
0.99999999999994049
0.99999999999994049
0.99999999999994049
0.99999999999994049
0.99999999999994049
0.99999999999994049
0.99999999999994049
0.99999999999994049
0.99999999999994049
0.99999999999994049
0.99999999999994049
0.99999999999994049
0.99999999999994049
0.99999999999994049
