0.035747724806367336
1.2031768893853637e-06
3.2567516654008827e-10
3.4177656162633598e-11
2.4731428758909756e-10
5.4384281202286568e-09
7.2521650225168663e-05
0.23137671108817112
0.69531185287533959
0.0024482466351203858
4.3762132074984863e-08
1.8523538151347155e-10
4.8710559045750575e-16
1.8523538148365681e-10
4.3762132084429525e-08
0.0024482466357891625
0.69531185291802022
0.23137671105819191
7.2521650200940403e-05
5.438428119295095e-09
2.4731428756545653e-10
3.4177656172546544e-11
3.2567516667059446e-10
1.2031768898153616e-06
0.035747724813675601
0.99999999999991895
0.035747724799102584
1.2031768889605008e-06
3.2567516642921504e-10
3.4177656151327235e-11
2.4731428760616115e-10
5.4384281212624241e-09
7.252165025035491e-05
0.23137671111819236
0.69531185283206387
0.0024482466344540378
4.3762132065792458e-08
1.8523538153674162e-10
4.8710559029255089e-16
1.8523538144799827e-10
