0.025171787645333305
2.2871555825917957e-07
1.039383468947922e-07
3.2542918181902148e-08
3.0195905044216791e-07
4.1322134165225037e-06
0.096888265100538315
0.86620839244701486
0.0046821092081307959
1.6779406216741336e-08
1.3744546560473968e-08
3.1754574294274167e-08
4.1792840402783087e-07
5.695494229098726e-05
0.27160624197914773
0.56197629866615129
0.00061332129148127358
2.5295759225170035e-07
1.6430631876377873e-08
1.6430631874139704e-08
2.5295759222138668e-07
0.00061332129163329716
0.56197629870264498
0.27160624195242117
5.6954942274838353e-05
4.1792840403214481e-07
3.1754574295038144e-08
1.3744546563843027e-08
1.6779406203201134e-08
0.004682109209103438
0.86620839247490045
0.096888265087646475
4.1322134152771806e-06
3.0195905041891781e-07
3.2542918181711757e-08
1.0393834691228529e-07
2.287155583491089e-07
0.025171787649606994
1.0000000000000568
0.025171787641067825
