1.7932653160559128e-07
0.55967533920920298
4.2573375749900898e-07
0.095202926698766219
1.7287431175471737e-07
0.0044583840868480653
1.3313834250652542e-08
4.6114618236592135e-05
2.5223479760429848e-08
9.7084697490610931e-08
1.1081636961861951e-05
7.6410898113598708e-09
0.001659785220607522
9.8810386121556315e-08
0.050268392318141994
4.14563212583001e-07
0.40290991325645692
2.4222235010456056e-07
0.96451326533993142
1.4029056085180554e-07
0.72189855677903914
3.8803623740088485e-07
0.16642182399725955
2.6540903376258109e-07
0.010912322822451729
2.5540966915835775e-08
0.00017007298811933368
9.0368580171624554e-09
4.6744048630578204e-07
2.3659656090253495e-06
5.845176606450742e-09
0.00056000760002338596
5.1107292241653817e-08
0.024441370914274549
3.5492868089462153e-07
0.26904600851531729
3.1862476670054925e-07
0.86533308634667638
1.2735017676912004e-07
0.86533308621480043
