4.5695790941629197e-08
1.0000000000004441
4.569579094162739e-08
1.0000000000004441
4.5695790941627238e-08
1.000000000000445
4.5695790941628753e-08
1.000000000000445
4.5695790941628052e-08
1.000000000000445
4.5695790941630017e-08
1.0000000000004436
4.5695790941629124e-08
1.0000000000004436
4.5695790941629958e-08
1.0000000000004436
4.5695790941631592e-08
1.0000000000004436
4.5695790941631155e-08
1.0000000000004428
4.5695790941631222e-08
1.0000000000004428
4.5695790941630368e-08
1.0000000000004432
4.5695790941631698e-08
1.0000000000004428
4.569579094163187e-08
1.0000000000004428
4.5695790941633227e-08
1.0000000000004428
4.5695790941633452e-08
1.0000000000004428
4.5695790941634954e-08
1.0000000000004432
4.5695790941632406e-08
1.0000000000004432
4.5695790941630249e-08
1.0000000000004428
4.5695790941628614e-08
1.0000000000004423
