1.0000000000001199
1.0000000000001199
1.0000000000001199
1.0000000000001199
1.0000000000001199
1.0000000000001199
1.0000000000001199
1.0000000000001199
1.0000000000001199
1.0000000000001199
1.0000000000001199
1.0000000000001199
1.0000000000001199
1.0000000000001199
1.0000000000001199
1.0000000000001199
1.0000000000001199
1.0000000000001199
1.0000000000001199
1.0000000000001199
1.0000000000001199
1.0000000000001199
1.0000000000001199
1.0000000000001199
1.0000000000001199
1.0000000000001199
1.0000000000001199
1.0000000000001199
1.0000000000001199
1.0000000000001199
1.0000000000001199
1.0000000000001199
1.0000000000001199
1.0000000000001199
1.0000000000001199
1.0000000000001199
1.0000000000001199
1.0000000000001199
1.0000000000001199
1.0000000000001199
