0.009709240867478576
1.8954266812816289e-07
1.4667987925816613e-08
1.7362049133614345e-08
1.4126740788374593e-07
0.0038973444731535954
0.96355887108155169
0.022153835136244585
2.6684163907575412e-07
1.4314980138309199e-08
2.2044437395351621e-08
1.0399824480582833e-07
0.0014306568610691804
0.86191086076728518
0.046389343924511592
4.4358700857236395e-07
1.5415246313307913e-08
2.7298359017024839e-08
7.3557887526208792e-08
0.00048011817580165229
0.71548400768263298
0.089328032394968393
1.0064394958323166e-06
1.6914390350939134e-08
3.1648175615460009e-08
4.9799717377163524e-08
0.00014768388280534851
0.55085317800562383
0.1584931208076826
3.1282932731949483e-06
1.9020606685353881e-08
3.4317401079206495e-08
3.3274373148618985e-08
4.2037423568003016e-05
0.39301646081110875
0.25957294429650379
1.1372034248079521e-05
2.3617549557706734e-08
3.5190031060295325e-08
2.361754955844133e-08
