0.00043834720587226261
2.2588968868980383e-08
5.1388119440480788e-08
7.744168714904928e-08
0.088814695987674733
0.2589195432931331
9.7546895969602581e-08
2.9107402432047445e-08
9.6329676242815036e-09
3.1201718710123149e-05
0.86172108682840831
0.0037729937255973982
3.4658213809654783e-08
6.5433333377876292e-08
4.5446349198900823e-08
0.02186451855004248
0.55032561660398571
1.0276635826437484e-06
1.1066224163793671e-08
1.1066224166341715e-08
1.0276635817166945e-06
0.5503256165278837
0.021864518557976345
4.5446349203025742e-08
6.5433333376150859e-08
3.4658213807646984e-08
0.0037729937239062085
0.86172108688759796
3.1201718731370319e-05
9.63296762608888e-09
2.9107402437270108e-08
9.7546895969783132e-08
0.25891954323893757
0.088814696012901109
7.7441687158885357e-08
5.1388119435939871e-08
2.2588968865582262e-08
0.00043834720563272136
0.999999999999728
0.00043834720611206471
