6.3159091334070869e-08
1.2606714733551932e-07
0.25784504138740427
2.2899657656949139e-08
3.2650623432226803e-05
0.0037235385624799252
1.0404582895100491e-09
0.021635239543054931
1.6091934699667754e-06
3.7886813664241957e-08
0.5492937450030676
1.1739743293537451e-07
9.0058067447757686e-08
0.86131435385152544
4.859454545634805e-08
1.7244755112624512e-07
0.088180663262235018
8.3182906372332328e-09
0.00043443799568969787
0.00043443799616178455
8.3182906319707644e-09
0.088180663212028443
1.7244755120418025e-07
4.8594545451523065e-08
0.86131435373303389
9.005806746214278e-08
1.1739743292661771e-07
0.54929374515536133
3.7886813670011661e-08
1.6091934676985194e-06
0.021635239558782573
1.0404582910549514e-09
0.0037235385591416516
3.2650623474712119e-05
2.2899657649401642e-08
0.25784504127901198
1.2606714733729968e-07
6.3159091324614183e-08
1.0000000000000231
6.3159091343491318e-08
