1.7424615814854518e-08
5.3577692709920365e-09
0.00013041692088395273
0.25764647239618332
2.2376277137873886e-08
3.9021975017402112e-08
0.045525573058522686
0.0037329243151180253
3.2853412087617401e-08
1.3256504773705255e-08
0.71422163339813594
1.6519926237321063e-06
1.0250584627119628e-11
1.6519926242375757e-06
0.71422163336935618
1.3256504773909789e-08
3.2853412089249442e-08
0.0037329243157879191
0.045525573052527323
3.9021975018193969e-08
2.2376277136983025e-08
0.25764647241788607
0.00013041692085328119
5.3577692699460526e-09
1.7424615816745896e-08
1.0000000000003046
1.7424615812939251e-08
5.3577692720385763e-09
0.00013041692091464229
0.25764647237445448
2.2376277138771648e-08
3.9021975016602698e-08
0.045525573064419018
0.0037329243144489923
3.2853412085982231e-08
1.3256504773509587e-08
0.71422163342741618
1.6519926232265826e-06
1.0250584627040482e-11
1.6519926247434386e-06
