1.9452588090258332e-07
1.3734516481433958e-08
3.4903273330866458e-06
0.86471540675509473
1.5787821953234992e-07
7.8273567291819759e-08
5.2595387822300675e-05
0.55806573018947669
2.1674963942582029e-07
1.6179142494641498e-07
0.00057030525284748384
0.26730074470035148
2.0446280675130995e-07
2.4255768258249961e-07
0.0044019613443878666
0.094133954111858667
2.1252205090974486e-07
2.5734180467135633e-07
0.024064423373241838
0.02406442336498724
2.5734180467805229e-07
2.1252205090112669e-07
0.0941339541372124
0.0044019613425418441
2.4255768256923682e-07
2.0446280675542481e-07
0.26730074475354237
0.0005703052525639691
1.61791424926628e-07
2.1674963942276547e-07
0.55806573026274864
5.2595387792261675e-05
7.8273567274320336e-08
1.5787821951169306e-07
0.86471540681170234
3.4903273308254977e-06
1.3734516472283974e-08
1.9452588099924847e-07
0.99999999999976374
1.9452588080629124e-07
