2.8489298863025016e-07
3.2602196048451134e-07
0.0047168435773412287
0.025343024594113066
6.3790713547336951e-08
1.8203492232492349e-07
0.86659862688626832
2.3190093724824679e-07
8.857125403593315e-07
0.00061348352006931591
0.097398010215407782
1.5458758333628462e-08
5.1138072522154355e-08
0.5629300606597204
2.6617855480877291e-06
1.4036269672453303e-06
5.3296401438055011e-05
0.27254048213362148
7.4732445501848926e-09
7.4732445504026578e-09
0.2725404821462627
5.3296401430473111e-05
1.4036269672621475e-06
2.6617855485635198e-06
0.56293006064253448
5.1138072517482697e-08
1.5458758332890157e-08
0.097398010221540585
0.00061348351999671155
8.8571254039201999e-07
2.3190093724950257e-07
0.86659862687310041
1.8203492231707472e-07
6.3790713541093563e-08
0.025343024596150204
0.0047168435768771468
3.2602196050715549e-07
2.848929886316494e-07
0.9999999999999607
2.8489298862913662e-07
