7.3653392276398839e-08
7.3653392275544963e-08
0.9999999999997955
7.3653392277265062e-08
7.3653392274666709e-08
0.99999999999979483
7.3653392278127342e-08
7.3653392273820761e-08
0.99999999999979505
7.3653392278987265e-08
7.3653392272953916e-08
0.99999999999979483
7.3653392279849691e-08
7.3653392272090525e-08
0.99999999999979483
7.3653392280706147e-08
7.3653392271231633e-08
0.99999999999979416
7.3653392281582283e-08
7.3653392270378234e-08
0.99999999999979416
7.3653392282430732e-08
7.3653392269512183e-08
0.9999999999997935
7.3653392283300873e-08
7.3653392268665388e-08
0.9999999999997935
7.365339228415729e-08
7.3653392267800131e-08
0.99999999999979305
7.3653392285021396e-08
7.3653392266939294e-08
0.99999999999979283
7.3653392285887235e-08
7.3653392266089759e-08
0.99999999999979217
7.3653392286757906e-08
7.3653392265222027e-08
0.99999999999979172
7.3653392287619391e-08
