0.54940636328073245
0.088175409755217871
0.0037220750532102331
3.5614872574251869e-05
1.7210415099771164e-07
1.5577320113281466e-08
1.7219118034595827e-09
1.0739519444126227e-08
2.7765008334695411e-09
5.4164055342524405e-10
7.3781170697162867e-09
8.2272848173066827e-09
1.9844148687875399e-09
4.040963881625621e-08
2.1929969317187862e-06
0.0004402328239792604
0.021615586527562514
0.25791322657930088
0.861368340251215
0.86136834021481612
0.25791322654592641
0.021615586522729352
0.00044023282383391676
2.1929969308477141e-06
4.0409638810919002e-08
1.9844148677898426e-09
8.2272848180783628e-09
7.3781170690050148e-09
5.4164055329042084e-10
2.7765008339838034e-09
1.07395194442264e-08
1.7219118026936999e-09
1.5577320116018428e-08
1.721041510492073e-07
3.5614872587830464e-05
0.0037220750542346285
0.088175409770631791
0.54940636332755155
0.99999999999984679
0.54940636323374226
