0.71800867820122349
0.26336042181973451
0.047985171502366426
0.0041319395596061802
0.00015340223707679623
1.9990754359081082e-06
3.2709314792478949e-08
4.2229056938744809e-08
1.2310063003104797e-08
2.3364475855930844e-09
2.9669593818380281e-08
7.4608604341224016e-08
9.4795204241199999e-08
7.4608604337203045e-08
2.9669593814317894e-08
2.3364475842497964e-09
1.2310063006795405e-08
4.2229056938290833e-08
3.270931479848573e-08
1.9990754368986705e-06
0.00015340223713523025
0.0041319395607958675
0.047985171512457916
0.26336042185549841
0.71800867824864079
1.0000000000000524
0.71800867815361358
0.2633604217839336
0.047985171492319345
0.0041319395584155537
0.00015340223701840644
1.999075434920968e-06
3.2709314786670818e-08
4.2229056939286361e-08
1.2310062999416427e-08
2.3364475869411621e-09
2.9669593822483652e-08
7.4608604345187416e-08
9.479520424116621e-08
7.4608604333170017e-08
