7.0363078104524476e-09
1.8627006103031381e-08
0.71482298690473611
1.2674646566618985e-09
4.357880551994952e-09
0.25858210703466739
2.3631532852325138e-07
7.2588881944154264e-09
0.045918262117780877
3.420576613271976e-05
1.2625494595492712e-08
0.0037825721949464814
0.0013667591378365971
1.3018334681101886e-08
0.000131026447042007
0.021841184325957153
9.853125001854055e-09
1.5214371375324016e-06
0.15764241357897563
3.1323453946391566e-09
3.3048982131607855e-09
0.54994451308299031
1.4373416549063246e-08
1.6793752644549173e-09
0.96346014859542406
1.3942225535306126e-08
1.8628106022226446e-08
0.86155749884131738
1.3055736218503229e-10
8.6107795141359188e-09
0.39199374207667143
2.6491792729263653e-08
4.5687908187504943e-09
0.088667557939559855
7.8227585120334808e-06
1.1659337648590514e-08
0.0095143173521885713
0.00044653040523952027
1.311304786127573e-08
0.00044653040076224842
