0.089039630630607339
3.9848351156091078e-05
1.3239242043866007e-07
6.14091810581529e-08
5.3193887926771987e-08
8.7871886759393351e-08
1.3036408438019016e-07
0.0004674289103115561
0.25917787349297
0.86178720097574601
0.022008878595681999
2.7265451575283024e-06
1.3397639237874192e-07
4.820582827315321e-08
4.8700095132215325e-08
1.1694483549597897e-07
2.8148660705503008e-07
0.0038458321102198124
0.55051860681435438
0.55051860688066789
0.0038458321117047223
2.8148660714675644e-07
1.1694483550116143e-07
4.8700095131297975e-08
4.8205828272102148e-08
1.3397639237736779e-07
2.726545156074992e-06
0.022008878588754017
0.86178720092424665
0.25917787354024918
0.0004674289105265393
1.3036408438447162e-07
8.7871886765684794e-08
5.3193887926163884e-08
6.1409181053991176e-08
1.3239242044073578e-07
3.9848351135165203e-05
0.089039630608622064
1.0000000000000049
0.089039630652626434
