1.5746765744882787e-07
0.0046870829071906433
6.6065744957887248e-08
1.4894146033629602e-07
0.051893092064191765
6.5396275845643711e-08
0.72461725273672828
3.2850126467353714e-07
0.00017934241715243145
2.426114704670778e-06
2.9880299259864541e-07
0.27305217656675934
4.3692267557791095e-08
0.27305217642531593
2.9880299254683034e-07
2.4261147000905304e-06
0.00017934241741827229
3.2850126463422147e-07
0.72461725292132284
6.5396275860500404e-08
0.051893092022795698
1.4894146028067192e-07
6.6065744943165167e-08
0.0046870829123883267
1.5746765738244389e-07
1.0000000000000213
1.5746765751499663e-07
0.0046870829019929365
6.6065744972810698e-08
1.4894146039228741e-07
0.051893092105597345
6.5396275830762719e-08
0.72461725255180309
3.2850126471315906e-07
0.00017934241688634877
2.4261147092516847e-06
2.9880299265011711e-07
0.27305217670812981
4.369226755779183e-08
0.27305217628388767
