2.1431968837785238e-07
1.4156797133555175e-07
0.051064530407830613
0.00058000739688594566
1.4254814805273732e-07
3.0866662914609416e-06
0.40507935638842352
4.2518181711995876e-08
5.9348306604858897e-08
0.56162922192065878
8.3848204074785223e-07
1.6154459212807806e-07
0.0017084170915928933
0.024901884815481841
1.7033432683335235e-07
2.3115402611222246e-07
0.96472799192957703
1.8214157624111075e-07
1.0403412321648999e-07
0.096433004652109619
0.00017827455281382143
1.2836064825469597e-07
1.2638655332243718e-05
0.27109718946633693
4.6230140510289979e-08
9.3739170683542695e-08
0.72332988151472366
3.4704437659119576e-07
1.7784499760804454e-07
0.0045708026176576148
0.011151493676087049
1.8270037289243075e-07
2.4975366050561304e-07
0.86610069139303281
1.3829705339717048e-07
6.8853350899125315e-08
0.16811229119309526
4.9609673615729628e-05
1.232176987088121e-07
4.9609673607164045e-05
