1.0655819559158985e-08
1.5823372884385203e-07
0.048305826299422601
7.3816446091334508e-09
0.010283668361540006
2.4067636109910949e-06
3.1259300247247414e-09
0.86370060970744333
3.3755023604110976e-08
7.2636849168648255e-08
0.16250603305664274
1.642587402404447e-08
0.0015335526803123378
4.2596126075593504e-05
8.8295051495795083e-09
0.55542699601500656
6.4161564314189239e-08
7.3515033340379681e-08
0.39811229092001654
1.3785870793409617e-08
0.00015573653846894748
0.00051374175235304809
1.6986347987642536e-08
0.26441334861597143
7.514377633425267e-08
4.9480500832003609e-08
0.71882653448954181
4.6776606736296574e-09
1.053603544607613e-05
0.0041586739131297739
1.2304519674059923e-08
0.092268530369142232
8.18377790099263e-08
2.0313807057010096e-08
0.96405908583217903
5.0010018379200067e-09
5.4988845653404429e-07
0.023266797392555685
5.201935870773451e-09
0.023266797283605967
