0.16418194149751511
0.00053981293931741419
1.0521495020665216e-07
5.4167199950677955e-08
1.0372480028610411e-07
1.0718593908955116e-07
1.6387723559823284e-08
1.0879335617031818e-07
0.00016503299060364074
0.093546427609544569
0.96424135639144448
0.26636513620909275
0.0015986901765166664
1.7965472882955474e-07
1.0118971329460981e-07
8.9724142987989634e-08
1.0431769687671849e-07
2.4872333111182245e-10
1.3291636097615534e-07
4.5512207519817059e-05
0.04917738841962814
0.8643588021244919
0.40010525278291087
0.0043046301011623045
5.949711079347479e-07
1.4081737520918574e-07
6.4672701549569005e-08
1.0012723648588145e-07
8.4692311783795689e-09
1.5499442128866304e-07
1.1326239330484072e-05
0.02380060716164514
0.72007447263487157
0.55717026255621205
0.010577850510955285
2.5920606236801392e-06
1.5997035133543653e-07
3.3976717956244677e-08
9.8291874236208952e-08
3.3976717970146413e-08
