2.1645577700139476e-06
1.3138471595197502e-09
6.1596907521863734e-08
0.25738953644333323
0.0037087574173866869
7.8020915483251276e-09
7.8020915482890443e-09
0.0037087574171734937
0.25738953645029272
6.159690752386301e-08
1.3138471594769039e-09
2.164557769836548e-06
1.0000000000000653
2.1645577701906022e-06
1.3138471595654005e-09
6.1596907519820201e-08
0.25738953643635887
0.0037087574175995448
7.8020915483604945e-09
7.8020915482582219e-09
0.0037087574169607624
0.2573895364572254
6.1596907525908754e-08
1.3138471594307367e-09
2.1645577696595337e-06
1.0000000000000862
2.1645577703672124e-06
1.3138471596136956e-09
6.159690751780601e-08
0.25738953642941487
0.0037087574178119847
7.8020915483990097e-09
7.8020915482256028e-09
0.0037087574167480085
0.25738953646416501
6.159690752797423e-08
1.313847159386179e-09
2.1645577694824984e-06
1.000000000000107
2.1645577705447171e-06
