5.4959424387014136e-07
4.8946440328939227e-07
0.71907702687731823
2.6634878246390986e-07
3.0933828871300129e-07
0.26482595192529934
3.1777429482935684e-08
3.0017685694530974e-06
0.048502034501276402
7.5505883317491411e-09
0.00015991004144718564
0.0041953950391734624
3.294818219494731e-08
0.0041953950423228121
0.00015991004129155381
7.5505883232289889e-09
0.048502034527676395
3.0017685663327924e-06
3.177742951349887e-08
0.26482595201904074
3.0933828869932181e-07
2.6634878255029055e-07
0.71907702700184561
4.8946440335070719e-07
5.4959424391023418e-07
0.99999999999996203
5.4959424383026251e-07
4.8946440322814428e-07
0.71907702675165619
2.6634878237758794e-07
3.0933828872679861e-07
0.26482595183166413
3.1777429452371837e-08
3.0017685725744659e-06
0.048502034474920241
7.550588340271358e-09
0.00015991004160291098
0.0041953950360250833
3.2948182194947204e-08
0.0041953950454699605
