1.0491951248078121e-07
3.2900742871595358e-06
0.0038994850743375034
5.628516456822438e-08
0.2600049877981237
1.0356620028038336e-07
1.0356620028841175e-07
0.2600049876195219
5.6285164564628136e-08
0.0038994850800050658
3.2900742811199888e-06
1.0491951249522082e-07
1.0000000000002083
1.0491951246632842e-07
3.2900742931992826e-06
0.0038994850686686106
5.6285164571834381e-08
0.26000498797678845
1.0356620027235519e-07
1.0356620029643177e-07
0.26000498744093276
5.6285164561023462e-08
0.003899485085674506
3.2900742750809044e-06
1.0491951250970289e-07
1.0000000000002425
1.0491951245187932e-07
3.2900742992396219e-06
0.0038994850629997927
5.6285164575434827e-08
0.2600049881553701
1.0356620026434551e-07
1.035662003044618e-07
0.2600049872623818
5.6285164557434583e-08
0.003899485091344313
3.2900742690408996e-06
1.0491951252412225e-07
1.0000000000002727
1.0491951243744189e-07
