3.8001475234658088e-05
9.335706037010843e-10
3.2089864885977212e-09
0.00047017822038070871
0.86176297136319868
1.8035139186996937e-06
2.3824670355262383e-09
2.0077468366732774e-10
0.0038756837262054022
0.55049722606233542
1.1443868632295935e-07
1.4682203751875571e-08
2.6644806119413089e-08
0.022093979888125899
0.25923662209212694
1.7004037595687845e-07
2.6760912944776254e-08
1.1297554990468933e-07
0.089154633627150898
0.089154633618096432
1.1297554989664745e-07
2.6760912944173871e-08
1.7004037595611765e-07
0.25923662211158988
0.022093979885272452
2.6644806114555011e-08
1.4682203750653772e-08
1.1443868632454534e-07
0.55049722608960383
0.0038756837255909692
2.007746835076876e-10
2.3824670349030181e-09
1.8035139192073598e-06
0.86176297138450797
0.00047017822029141106
3.2089864887204024e-09
9.3357060397499151e-10
3.8001475243265176e-05
0.99999999999964828
3.8001475226036587e-05
