4.7733427101819609e-08
3.9981240017051084e-05
0.00014185683409975126
3.9307647829771223e-08
0.96334507478726628
5.4567775472050595e-08
1.052045495808274e-05
0.00046343657921080899
2.9988280799699463e-08
0.86114692514054236
5.9803237152315988e-08
2.6701313430179761e-06
0.0013861578127906812
2.0902742494113469e-08
0.71406062110023605
6.4192565782596658e-08
7.1092023658814778e-07
0.0037899027253980797
1.3193275573156022e-08
0.54891227339173987
6.9028603333931031e-08
2.4355767789762573e-07
0.0094764488601903497
7.5791849013525997e-09
0.39086450242378695
7.5509935277189833e-08
1.3554884353605616e-07
0.021702250245082884
4.1351485685720581e-09
0.25754176180399324
8.3865263657878636e-08
1.1029822442801086e-07
0.045605890906486625
2.4323129115759344e-09
0.15682231169262215
9.2932511555896026e-08
1.0117440762665017e-07
0.088114728531420466
1.9414591671762596e-09
0.088114728796650416
