0.00018039713066113298
1.7592943794696375e-08
4.3794343301352963e-08
2.1242416296924575e-06
0.72375474226704994
0.0046195146910204682
1.0391049420692932e-07
2.4038354715221885e-07
6.4489022103247615e-08
0.27173853577462581
0.051341042283920245
1.5110609890456169e-07
3.6623456298874404e-07
1.5110609890550428e-07
0.051341042291718306
0.2717385357478716
6.4489022119870001e-08
2.4038354716818489e-07
1.0391049421269486e-07
0.0046195146919884335
0.72375474223247993
2.1242416287958859e-06
4.379434331116087e-08
1.7592943799524185e-08
0.00018039713071108673
1.0000000000001283
0.00018039713061112305
1.7592943789882737e-08
4.3794343291484189e-08
2.1242416305865313e-06
0.72375474230200809
0.0046195146900515687
1.0391049420118507e-07
2.4038354713622639e-07
6.4489022086723736e-08
0.2717385358013833
0.051341042276144083
1.5110609890368279e-07
3.6623456298872567e-07
1.5110609890652162e-07
