5.3405165225805097e-08
1.4746181376582401e-08
1.9310747825099389e-07
0.86430413695348363
7.8487931355940161e-06
2.2048788513149417e-08
1.6955284426120347e-07
0.55701096381585535
0.00015248777060437483
2.0607093431582044e-08
7.6461044801785492e-08
0.26615781661501492
0.001564606141566733
1.3182220867363517e-08
2.5338214016349301e-08
0.093375599856714855
0.010502779153412706
9.9783105178637493e-09
1.118043244092297e-08
0.023696506476970962
0.049039976882941511
1.5449512235049333e-08
1.0751057223488417e-08
0.0042528611623550852
0.16398487647899943
4.4603469864760777e-08
1.6841238159331961e-08
0.00051850966804308667
0.39991034350172572
1.205853909680513e-07
2.2784489776619698e-08
3.8617778849922327e-05
0.71996650295910347
2.0477586857371858e-07
1.8657274394838212e-08
1.0442029900957574e-06
0.96422659981189507
1.0340408689543022e-07
1.3029857421949953e-08
1.0340408697939161e-07
