0.26685664095332451
0.0042945222821421328
1.3296591225352754e-06
3.0797426564475088e-07
2.090120618968157e-08
2.5861216652578596e-08
2.5861216652433366e-08
2.0901206189401519e-08
3.0797426564402767e-07
1.3296591224805884e-06
0.0042945222820615758
0.26685664095099831
0.99999999999993405
0.26685664095566103
0.0042945222822216786
1.3296591225881203e-06
3.0797426564582407e-07
2.0901206189942684e-08
2.5861216652740757e-08
2.5861216652249345e-08
2.0901206189141206e-08
3.0797426564355714e-07
1.3296591224258161e-06
0.0042945222819811245
0.26685664094866468
0.99999999999995071
0.26685664095800343
0.0042945222823017317
1.3296591226411174e-06
3.0797426564691224e-07
2.090120619021975e-08
2.5861216652889619e-08
2.586121665206092e-08
2.0901206188892095e-08
3.079742656430539e-07
1.3296591223721334e-06
0.0042945222819011511
0.26685664094633904
0.99999999999996803
0.26685664096035511
