0.04760315373885525
1.0348815105903679e-06
7.7479168729539355e-08
9.3731533802623415e-08
1.8106940290347046e-07
1.8586261873086489e-07
0.00013930778314702087
0.26274701932133632
0.71767059319024773
0.0040224390420348418
1.8864220912185029e-07
1.4793855891263125e-07
3.5198350683668437e-08
1.4793855890400247e-07
1.8864220910231361e-07
0.0040224390430554265
0.71767059323111282
0.26274701929017208
0.00013930778309924447
1.858626187177994e-07
1.810694028997168e-07
9.3731533811444086e-08
7.747916873058601e-08
1.0348815112016383e-06
0.047603153747565401
0.99999999999963696
0.047603153730161579
1.0348815099816392e-06
7.7479168728316835e-08
9.3731533793860661e-08
1.8106940290735259e-07
1.8586261874326698e-07
0.00013930778319485264
0.26274701935251538
0.71767059314833448
0.0040224390410156293
1.8864220914074878e-07
1.4793855892137822e-07
3.5198350683665049e-08
1.4793855889543037e-07
