0.86157323731546265
0.54994238992104383
0.25852155535373306
0.088607039121929521
0.021829830941325061
0.0037971014772452513
0.0004577621348932943
3.812103896504479e-05
2.4469300574974602e-06
3.6395884268619576e-07
3.4223905523004111e-07
2.911416564982661e-07
1.3885450270750029e-07
3.585581176466701e-08
1.7813792445936903e-08
2.2565819902234379e-08
1.5984944265188052e-08
6.0863692859255005e-09
1.896717840053959e-09
1.8967178400904472e-09
6.0863692860885196e-09
1.5984944265434079e-08
2.2565819902236854e-08
1.7813792445845824e-08
3.585581176585412e-08
1.3885450271067481e-07
2.9114165650110667e-07
3.422390552295079e-07
3.63958842691539e-07
2.4469300576453263e-06
3.8121038967313652e-05
0.00045776213491691028
0.0037971014774099672
0.021829830942092562
0.08860703912438346
0.25852155535899946
0.54994238992847133
0.86157323732121793
0.99999999999983635
0.86157323730967916
