9.1160173049359847e-06
1.6533423335277314e-07
1.0322415887205944e-07
0.022409680834483924
0.15965265075769802
2.4414536568609632e-08
9.8076184998446826e-08
4.3049710444918096e-08
0.71653696705295544
0.00047479038007484855
2.0964427211059347e-07
2.0018616388839002e-07
0.0014343894034567471
0.55227754791896877
3.8401358635604824e-09
8.4885415799103104e-08
1.2726326940380338e-08
0.26102005174384718
0.009819422630788591
1.4110806843554953e-07
1.8786266388264662e-07
3.8133489031197118e-05
0.9637182858349419
1.9050348963982983e-06
1.4089910363668521e-07
6.9059116167506543e-08
0.0468805382661115
0.090137294626964071
4.2595040402530317e-08
1.1761256809166944e-07
3.330972728140869e-07
0.86247887123735512
0.00014197798355815208
2.0428812182524977e-07
1.7585016820333524e-07
0.0039323087576445129
0.39457694325922166
5.1589283639673222e-09
8.0200995726530268e-08
5.1589283640363687e-09
