1.3986027416656095e-07
6.8874532594362155e-08
0.25740010756423887
1.6121315230760785e-06
5.5667733750329142e-10
0.0036820968783753427
0.0036820968786581637
5.5667733754095367e-10
1.6121315228777455e-06
0.25740010757352366
6.887453259691232e-08
1.3986027416891809e-07
1.0000000000002776
1.3986027416418582e-07
6.887453259181207e-08
0.25740010755496051
1.612131523274781e-06
5.5667733746554417e-10
0.0036820968780916373
0.0036820968789407923
5.5667733757859453e-10
1.6121315226797001e-06
0.25740010758279042
6.8874532599433381e-08
1.3986027417130743e-07
1.0000000000002434
1.3986027416177988e-07
6.8874532589297493e-08
0.25740010754569792
1.612131523472658e-06
5.5667733742937477e-10
0.0036820968778091831
0.0036820968792247526
5.5667733761591009e-10
1.6121315224809154e-06
0.25740010759203996
6.8874532601968974e-08
1.3986027417365305e-07
1.0000000000002074
1.3986027415941721e-07
