0.0017544972571275682
1.7093380276235256e-07
4.4672282225672535e-07
1.7093380276123768e-07
0.0017544972570738683
0.9999999999999416
0.0017544972571988135
1.7093380276336521e-07
4.4672282225672434e-07
1.7093380276027092e-07
0.0017544972569900432
0.99999999999993805
0.0017544972572828444
1.7093380276444905e-07
4.4672282225672418e-07
1.7093380275928167e-07
0.0017544972569075051
0.99999999999993427
0.0017544972573647663
1.7093380276551064e-07
4.4672282225670158e-07
1.7093380275823773e-07
0.0017544972568263651
0.99999999999992983
0.0017544972574461116
1.709338027666373e-07
4.4672282225668623e-07
1.7093380275720472e-07
0.0017544972567458377
0.99999999999992606
0.0017544972575262675
1.7093380276767997e-07
4.4672282225670116e-07
1.7093380275628365e-07
0.0017544972566660392
0.99999999999992162
0.0017544972576060973
1.7093380276879721e-07
4.467228222567326e-07
1.7093380275518047e-07
