2.478400000178134e-07
0.024520353474035982
4.0035490736941009e-07
3.5738857857209439e-07
0.00055507449528409403
2.071958705871314e-07
0.5603279786573111
2.4268346474877713e-08
0.26968394255844141
2.1448469292184488e-07
4.464717421887243e-05
2.149506819977408e-06
2.883403766911784e-07
0.095527481766935735
1.5085100777060615e-07
0.86559733690100393
2.4306439888741961e-07
0.0044586193366488265
4.4534026637520992e-07
4.453402664376686e-07
0.0044586193529930528
2.4306439895905033e-07
0.86559733738696509
1.5085100803968085e-07
0.095527481545026716
2.883403768929579e-07
2.1495068066400145e-06
4.4647174459113803e-05
2.1448469284397897e-07
0.26968394302077392
2.4268346313449042e-08
0.56032797802397172
2.0719587054446595e-07
0.0005550744928159788
3.5738857851850029e-07
4.003549071723753e-07
0.024520353546810338
2.4783999993517125e-07
0.9999999999999265
2.4784000010045851e-07
