5.8397328976283467e-08
0.00056301129700560054
3.2063581897352311e-06
2.1289716198230875e-07
0.55815202277182863
1.5135822913452859e-07
0.024128124415423356
1.2926891029966944e-07
2.4299952391950663e-07
0.094286520085889627
2.2693136318627745e-07
0.26746911185120953
2.7560567703006279e-07
1.8694013175595732e-07
0.0044054657290768639
7.2916169715647093e-08
0.86473061082705804
1.1794689615171916e-07
4.9916352937999323e-05
4.9916352916591134e-05
1.1794689616605333e-07
0.86473061078559355
7.291616972445159e-08
0.004405465730441197
1.8694013168163087e-07
2.7560567703365241e-07
0.26746911181204147
2.2693136319383192e-07
0.094286520104563107
2.4299952393367124e-07
1.2926891028147988e-07
0.024128124409336548
1.5135822911939555e-07
0.55815202282577625
2.1289716196726028e-07
3.2063581912539752e-06
0.00056301129679713372
5.8397328980469596e-08
0.99999999999989186
5.8397328971998195e-08
