0.40044992650657202
0.023923269181078493
0.000168506623738858
1.9580137271464381e-07
9.6677162084964285e-09
6.0431647514998426e-08
2.4143186974720904e-08
7.9871812893937643e-08
1.4067069915017006e-08
5.0720507910802881e-08
4.2919202967748496e-08
2.8256492207030076e-06
0.0016160330161941751
0.093811073750700497
0.72027012153980008
0.8644585631670737
0.16450880681886768
0.0043411390711654138
1.1967470272553074e-05
6.6333622771776236e-08
3.0368224214647621e-08
2.6968300728052274e-08
6.4209611792084169e-08
4.3427790472879135e-08
4.5633981821577199e-08
1.3382061065566719e-08
9.6860573378760559e-08
4.7046090559252761e-05
0.01064836173430153
0.26672319482913526
0.96426840855716167
0.55745608672881253
0.049368169365634734
0.00054762994412990316
6.6461807570196499e-07
2.1476138895406007e-08
6.2847125007205071e-08
1.2959710983845626e-08
8.5664437007070173e-08
1.2959710982646755e-08
