3.7401864450537906e-08
0.25790485940246172
6.836979574692299e-08
0.0037198229507344914
3.8356628871953561e-08
1.692645081670693e-06
1.6926450802280695e-06
3.8356628870239722e-08
0.0037198229488254499
6.8369795742987993e-08
0.25790485934034058
3.7401864456556485e-08
0.99999999999984279
3.7401864444499051e-08
0.25790485946450387
6.8369795750809998e-08
0.0037198229526412196
3.83566288736127e-08
1.6926450831144484e-06
1.6926450787854345e-06
3.8356628868535783e-08
0.0037198229469187346
6.8369795739038344e-08
0.25790485927830376
3.7401864462574747e-08
0.99999999999984102
3.7401864438467276e-08
0.25790485952654396
6.8369795754742216e-08
0.003719822954549039
3.835662887531431e-08
1.6926450845574467e-06
1.6926450773421863e-06
3.8356628866820144e-08
0.0037198229450105258
6.8369795735088709e-08
0.25790485921617839
3.7401864468612557e-08
0.99999999999983857
3.7401864432456214e-08
