1.6033018477793896e-08
0.86202501496728512
6.7597925774364032e-08
0.55111814649248447
1.4956144361986741e-07
0.25980840191925558
2.1196514749317801e-07
0.089434204316440349
2.0240896458902613e-07
0.022174594105568705
1.3615320043813891e-07
0.0038938942846652234
1.0078959425935438e-07
0.00047644542292394487
1.2795871010172709e-07
4.0830824558691915e-05
1.6796115434412276e-07
2.8564967320194717e-06
3.5009551114888061e-07
3.5009551050490714e-07
2.8564967417531944e-06
1.6796115427620324e-07
4.0830824699122659e-05
1.2795871004922029e-07
0.00047644542435694057
1.0078959425732763e-07
0.0038938942944990685
1.3615320052501328e-07
0.022174594151241567
2.0240896465358851e-07
0.089434204460997008
2.1196514745104037e-07
0.25980840222957569
1.4956144351100817e-07
0.55111814692665273
6.7597925678715748e-08
0.8620250153046537
1.6033018441967082e-08
0.99999999999976263
1.6033018513637319e-08
