1.2573349696771077e-07
0.089290509260747983
1.7999338614740474e-07
3.4254072143467579e-05
7.9892204481880853e-08
9.7048971569971195e-08
0.0096469345781258365
2.5650470389085119e-07
0.71556892112208226
9.1290196819674824e-09
0.3931007989955021
2.6863685681879062e-07
0.0013948386327092906
7.486104350313525e-08
4.935666782545285e-08
0.00045672323609877787
2.4856511862034637e-07
0.2596197408626334
3.5514368056368866e-08
0.86196092642703526
2.2338457655248199e-07
0.022085895979802681
1.1609820735064089e-07
1.1618197855307425e-06
7.3453696845114382e-06
1.446337182733512e-07
0.046328351847532971
1.7742781817916702e-07
0.96357361836372002
7.6105760148762474e-08
0.15849439086292727
2.1684249637030311e-07
0.00013365350642312285
5.9768523438534479e-09
8.590189107855795e-08
0.0038474557271853784
2.720303173566866e-07
0.55095227469559449
2.7038303937247123e-12
0.55095227591263507
