0.96428759316288803
0.86452530983279274
0.720388549462471
0.55760524499715125
0.40059573914874275
0.2668351855945415
0.16457212726181197
0.093828770281368601
0.049355069701591966
0.023896887654346152
0.010622020729669166
0.0043215139696635698
0.00160428937794579
0.00054199712678036291
0.00016651720349612046
4.674078596211719e-05
1.2198666524038599e-05
3.0899797208838122e-06
8.2223598807735723e-07
2.5335790130283794e-07
9.3109037084411285e-08
3.4408808721797702e-08
9.8070434671408527e-09
1.5735352751389734e-08
6.4388186648216626e-08
1.6270872642834897e-07
3.0219404531640661e-07
4.5813307998146754e-07
5.9657260190529766e-07
6.8530601813073048e-07
7.0442287779884224e-07
6.5257740953852429e-07
5.4671996811972038e-07
4.1536399637491195e-07
2.881358740797166e-07
1.8622230998455586e-07
1.1798456359408107e-07
8.1225163356367047e-08
6.9951932168591672e-08
8.1225163357412391e-08
