0.0038494257066019476
7.8223488943511034e-09
5.1631908993455026e-08
2.028143431233185e-07
9.0368418863338662e-07
0.26008315986867714
0.26008315987332392
9.0368418871033173e-07
2.0281434312330399e-07
5.163190899291305e-08
7.8223488940257683e-09
0.00384942570645534
0.99999999999977662
0.0038494257067495192
7.8223488946643782e-09
5.163190899403169e-08
2.0281434312331098e-07
9.036841885561387e-07
0.26008315986403685
0.26008315987796582
9.0368418878686762e-07
2.0281434312332469e-07
5.1631908992336274e-08
7.8223488936891984e-09
0.0038494257063085213
0.99999999999978417
0.0038494257068968914
7.822348894975504e-09
5.1631908994627207e-08
2.0281434312320608e-07
9.036841884786193e-07
0.26008315985937186
0.26008315988262853
9.0368418886308777e-07
2.0281434312328753e-07
5.1631908991732015e-08
7.8223488933542498e-09
0.0038494257061616314
0.9999999999997935
0.0038494257070438927
